0 664.941149711
1 -18.7666079838
2 -91.7874018434
3 -10.4032408014
4 -38.5006288076
5 -9.32371290481
6 -16.3718315841
7 -6.76793187531
8 -4.29111036182
9 -9.54931272109
10 -10.0568524535
11 -5.46756929403
12 -2.00823352256
13 -4.27156603937
14 6.87347045627
15 -10.9246161632
16 4.00506698265
17 -16.3516629021
18 -0.979460490641
19 -17.0691860021
20 -6.38009998116
21 -15.3801696177
22 -11.3951731668
23 -8.84922982324
24 -6.60035112597
25 -7.83047693349
26 -6.0903688761
27 -13.213890748
28 -9.45125034061
29 1.0014201158
30 -4.52155288577
31 -1.96336291369
32 -3.29326818452
33 2.26178584748
34 -0.178424068179
35 -6.17267078849
36 -1.1947965134
37 -3.0651129714
38 -0.896375322051
39 2.280272973
40 0.863088895182
41 -1.91389368488
42 -0.792671674811
43 -5.39864305168
44 0.371387223647
45 -2.31110215689
46 2.77698977337
47 -6.05848870909
48 5.57650015337
49 5.64713864856
50 3.07223584201
51 6.7952903861
52 3.01182336957
53 8.07415127574
54 -2.58521959195
55 0.318628835985
56 1.99786494333
57 2.52201552242
58 -1.48944049695
59 -1.06143393021
60 2.03414001301
61 2.37683355251
62 1.29707050478
63 1.70970387517
64 0.538153372273
65 0.637813629656
66 1.907568901
67 0.429617618951
68 3.92683674684
69 2.57732924587
70 -2.2833658987
71 0.139780570212
72 0.0602633548828
73 0.604312618583
74 0.731034503658
75 0.217511120874
76 -0.192002761125
77 0.0278916598788
78 -3.36195051745
79 -0.654584295492
80 0.385279713561
81 -0.0480392188073
82 0.0934694001701
83 0.278759284594
84 0.490061566308
85 0.0408936726058
86 0.0867872110153
87 -0.0124973049306
88 0.0153336787823
89 0.373058582833
90 0.211565419713
91 -0.817781497765
92 -0.262497748154
93 -0.181587141352
94 -0.0600365518608
95 -0.288826658904
96 -0.260489198713
97 -0.234792707647
98 -0.33592500924
99 -0.0828099996813
100 0.0658354840259
101 -0.186494126456
102 -0.138373474966
103 -0.25791702602
104 -0.225370380681
105 -0.0763958879852
106 -0.0598814993813
107 -0.175419932601
108 -0.166098713124
109 0.230898706992
110 0.0334553131683
111 -0.0926140791373
112 -0.0108915799315
113 -0.071658461118
114 -0.0357121761221
115 -0.0693263778962
116 -0.0312864545653
117 0.0285583446534
118 0.0125718427013
119 0.0230187133073
120 0.0150257137407
121 0.0125051186699
122 -0.008839071331
123 -0.0213658129804
124 0.0117249241508
125 -0.00143065481632
126 0.0210634827249
127 0.053501824913
128 -0.0121421453724
129 0.0115939537822
130 0.00254410090678
131 0.00390613936378
132 0.0271516561438
133 0.0318402561834
134 -0.0130728545156
135 0.00650630495246
136 -0.00250545683405
137 -0.00205773472435
138 0.00269930716098
139 -0.00186083922553
140 0.00660742599727
141 0.00278661136166
142 -0.00162854081178
143 -0.000271751800491
144 0.00343571465834
145 0.00201024560092
146 -0.000717628450767
147 0.00149945103671
148 -0.000936091734085
149 -1.8365445669e-06
150 -0.000724376611772
151 -8.03811753635e-05
152 0.000218758288486
153 0.000132682257483
154 -0.000166696009833
155 6.99333246596e-07
156 -3.64794549662e-05
157 3.20070153247e-06
158 3.49999528554e-05
159 -2.70156449718e-05
160 -8.13703493465e-05
161 4.10450200101e-05
162 -1.37196660853e-05
163 -3.97480230716e-05
164 1.21242588505e-05
165 -2.36761935076e-05
166 -4.38794990227e-05
167 -1.1683937313e-05
168 3.50156402034e-05
169 -6.26549633674e-05
170 -0.000117248046601
171 -3.72292962233e-06
172 -8.36147398414e-05
173 -3.93007187032e-05
174 -3.1247522407e-05
175 -9.87851989737e-07
176 -2.07816651718e-05
177 7.62685437597e-06
178 -3.81701968156e-06
179 8.80476313106e-05
180 9.25144558224e-06
181 8.53995735432e-05
182 0.000128789327785
183 -0.000104198844697
184 0.000117712301496
185 -0.000373984436322
186 -0.000117968241495
187 0.00110212105702
188 0.000319691260541
189 -0.0017229950744
190 -0.000115975309081
191 0.00117884772571
192 -9.39902141717e-06
193 0.000227908899128
194 -0.000377416489817
195 -0.000282066516141
196 -0.000728536337763
197 0.000186575264936
198 0.000202992009504
199 -0.00070863632876
200 -0.000182314563663
201 -0.00125567109167
202 7.54704968824e-05
203 0.000138926492439
204 -1.489675735e-05
205 0.00157535498092
206 -0.000407054626368
207 -0.000288051714393
208 0.000459901627765
209 0.000513547753959
210 6.55964286848e-05
211 -0.000117424982086
212 -0.000137020089167
213 -0.000129045122204
214 -7.7341037476e-05
215 4.47979896182e-05
216 -0.000123861144774
217 -6.74432877446e-05
218 -1.31805129017e-05
219 2.36203234219e-05
220 -8.15979542131e-05
221 -2.4961477087e-05
222 -7.98288114928e-05
223 -4.81932591951e-05
224 -0.00028652528674
225 -0.000123268403092
226 -2.12596200908e-05
227 -7.48176263693e-05
228 0.000557671800832
229 0.000220289605416
230 -9.77571658806e-06
231 -0.000158941515148
232 0.000409579622043
233 2.27494549646e-05
234 -0.000197286419816
235 -8.15956727371e-06
236 0.000833668558384
237 0.000139144184885
238 -0.000529055997804
239 0.000150558728545
240 -0.000227916043788
241 0.000171149818333
242 -0.000148714465441
243 -0.000120213786496
244 -0.000182149433371
245 1.43160224894e-05
246 -0.000376954393387
247 0.000171755670948
248 -0.000346336332634
249 0.000217226160132
250 8.20072498485e-05
251 8.58219901114e-05
252 0.000104590033279
253 4.23001043111e-05
254 8.71398827137e-05
255 -3.79323633602e-05
256 3.77041874779e-05
257 -3.06997277344e-05
258 -5.58222684217e-06
259 -1.7992425296e-05
260 -4.14401160232e-05
261 8.96727924402e-05
262 3.32072134674e-05
263 3.44173651129e-05
264 -3.37719112142e-06
265 -4.41543220776e-05
266 -0.000139162228039
267 0.00033237645836
268 0.00014327801115
269 -2.83455261827e-05
270 -5.20499240109e-05
271 -7.90745042623e-05
272 -1.92833395571e-05
273 0.000194983609277
274 -7.23556364979e-05
275 0.00026631821693
276 -0.000161322352766
277 -1.67379521402e-05
278 -3.05372029575e-05
279 -0.00036618240488
280 0.000125211610775
281 0.000412620214274
282 7.03690963606e-05
283 0.000155250113703
284 -7.25116071345e-05
285 -0.000435168620444
286 0.000143548750257
287 0.000213265335368
288 -5.44757264658e-05
289 -0.00013546254948
290 3.47168705598e-05
291 0.000140774764965
292 -5.29529048407e-05
293 3.57883681655e-05
294 -3.41434375757e-05
295 -5.03760754115e-05
296 9.84432133233e-06
297 -9.81908789116e-07
298 4.12045117154e-06
299 -2.81129756994e-06
300 7.69307883514e-05
301 -9.53284764192e-06
302 5.29713077189e-05
303 3.83384742477e-05
304 -9.77198248719e-06
305 -2.90677248397e-05
306 8.28044756523e-05
307 5.37576072691e-05
308 -0.000104593637684
309 -3.4142534024e-05
310 -5.68156978678e-05
311 6.42015537341e-05
312 0.000313893560976
313 4.96793025647e-05
314 -0.000103799894339
315 -1.88147771197e-06
316 0.00013295534532
317 9.61078691413e-06
318 -4.18891090162e-06
319 -4.08144973457e-05
320 -0.000155914373589
321 -2.68571628885e-05
322 -1.90758001294e-05
323 1.42100186415e-05
324 0.000133593790313
325 -0.00011667142148
326 -0.000187313897562
327 3.14416943735e-05
328 3.82125453564e-05
329 -9.13406334392e-05
330 -0.000119357730717
331 2.58952664484e-05
332 3.62295163544e-05
333 -3.52314459127e-05
334 -2.47459084324e-05
335 -3.13987338035e-06
336 -8.6289910266e-06
337 9.93950940147e-08
338 1.60569310152e-05
339 -4.19826300692e-05
340 2.56254486501e-05
341 -5.36582907392e-06
342 1.61744762877e-05
343 -1.77212987129e-05
344 4.43417319929e-06
345 -5.59190766148e-05
346 -2.68649307905e-05
347 2.46210468928e-05
348 2.26223370795e-05
349 -0.000145184086711
350 -4.64002719451e-05
351 3.84842687228e-06
352 2.31521117051e-05
353 -3.08825409082e-05
354 -7.42137762718e-05
355 -2.93203285265e-05
356 2.76524388865e-05
357 -1.8639606373e-05
358 -2.81219778362e-05
359 8.57813066939e-05
360 -2.24138181775e-05
361 -0.000167902447923
362 -1.41478804652e-05
363 3.29905972426e-05
364 -3.50529531684e-06
365 5.53306560283e-05
366 -1.0160681522e-05
367 -1.7007856275e-05
368 -2.27172244456e-05
369 -1.42327375632e-05
370 4.7506812899e-05
371 6.12387499404e-05
372 -1.41431197884e-05
373 -6.48891546775e-07
374 2.47986964796e-06
375 9.86035496338e-07
376 5.29509598834e-07
377 4.05105925166e-06
378 -1.570187683e-05
379 -1.58226731925e-05
380 4.30782674093e-05
381 4.79965435814e-06
382 2.2454962652e-05
383 1.58251717417e-05
384 2.80771674266e-05
385 -1.00476783129e-05
386 -1.6724412169e-05
387 -2.67754623593e-05
388 4.8929282044e-05
389 6.31197934954e-05
390 -6.48260402849e-05
391 5.41653876948e-06
392 -1.49238235947e-05
393 3.65680826724e-05
394 -0.000118597911069
395 9.84020626972e-06
396 7.69009309453e-05
397 6.51132174032e-06
398 -9.02063863467e-05
399 4.06484937166e-06
400 3.84265190059e-05
401 -1.88904253357e-05
402 6.87744342844e-05
403 -1.14911140501e-05
404 -0.00010137435193
405 1.36781918867e-05
406 3.17795708434e-05
407 -2.01402281309e-05
408 -1.04786159012e-05
409 1.14181394907e-05
410 -8.39470353452e-06
411 -6.32448157192e-06
412 -4.08261466498e-06
413 -1.82347085487e-06
414 -4.18761328206e-06
415 4.13019505201e-07
416 -2.11914691128e-06
417 -5.30012177284e-06
418 -1.43561602237e-05
419 7.82056221336e-06
420 -5.54710499702e-06
421 1.15640875039e-05
422 1.00071617917e-05
423 1.37024265022e-05
424 1.16583275505e-05
425 -2.52656284423e-05
426 4.24891700089e-06
427 1.17425836878e-05
428 1.08725021738e-05
429 2.51810163652e-05
430 2.32799503157e-06
431 -2.47945198502e-05
432 -2.94846690885e-06
433 -3.45992177958e-05
434 6.18235857084e-06
435 9.62722962915e-05
436 -1.39220843779e-05
437 1.74806713558e-05
438 6.24516910664e-06
439 -9.54139813476e-05
440 -4.37079060411e-06
441 4.28491613459e-05
442 -1.53238933581e-05
443 -9.35311290655e-06
444 1.00532783682e-05
445 3.66584449254e-05
446 -1.25048907086e-05
447 -3.33520712111e-06
448 -1.72301405676e-06
449 2.87807680486e-05
450 -1.92566879151e-05
451 -1.40392912996e-05
452 -1.16308833434e-06
453 -2.94662049082e-06
454 -1.27369829229e-06
455 1.44169980045e-06
456 9.37155081537e-07
457 -4.71112756873e-07
458 -1.03500482196e-05
459 -8.22577576264e-06
460 2.06753045434e-05
461 1.36901753193e-05
462 -1.26207418877e-05
463 -6.60930853169e-06
464 -1.05375227095e-05
465 9.73414421332e-06
466 -4.10474108819e-06
467 6.8969076159e-07
468 -4.91255429439e-05
469 -3.74349782655e-06
470 -2.62984854413e-05
471 -2.22664885993e-05
472 5.36262328721e-05
473 -9.38041871852e-08
474 -2.53641073725e-05
475 -2.19831689668e-05
476 3.51910994544e-05
477 -1.65741987947e-05
478 5.2096034581e-05
479 -1.63851119787e-05
480 1.40605220187e-05
481 -2.22361199375e-05
482 -2.77810672475e-06
483 4.17287753767e-06
484 2.09150820189e-05
485 -5.12886988927e-06
486 -1.42955413638e-06
487 1.09725605953e-06
488 1.04119331854e-05
489 -9.18906638635e-06
490 5.16336654605e-06
491 -8.87979175539e-06
492 -1.79060210838e-06
493 7.7900201462e-07
494 3.18362746825e-08
495 4.46627261682e-06
496 3.97303919231e-06
497 -2.6014615268e-06
498 7.63606752242e-06
499 -3.75469311384e-06
500 -1.26760041661e-06
501 6.94615366208e-07
502 1.72652641633e-06
503 1.36426791261e-06
504 1.3017801479e-05
505 -2.47535518691e-05
506 6.35256850499e-06
507 -6.84266791076e-05
508 -8.39096447065e-06
509 9.63797321128e-06
510 5.94616570696e-06
511 -1.65417045752e-05
512 8.62605334095e-06
513 -2.13900825883e-05
514 -8.06491590061e-06
515 1.6887889167e-05
516 1.16352272214e-05
517 2.5391993461e-05
518 -4.16704639773e-06
519 -1.87641080918e-05
520 2.29182349445e-05
521 9.72113184372e-06
522 -2.18832089631e-06
523 1.49154290645e-05
524 1.13501900885e-06
525 3.38173419723e-06
526 -4.94286687921e-06
527 -5.49619465596e-06
528 -4.63777012261e-06
529 -6.02501840855e-06
530 3.74481814372e-06
531 1.72639729819e-06
532 -1.48901810348e-07
533 4.06945612416e-08
534 1.52432228348e-07
535 -1.77945860525e-06
536 4.63344062895e-06
537 2.80973668551e-06
538 1.34796175027e-07
539 2.34056005364e-07
540 2.48974858051e-07
541 2.33253306432e-06
542 -6.78384911759e-06
543 3.78315788202e-06
544 -5.2222050817e-06
545 -6.82587497306e-06
546 3.12279785928e-05
547 5.79755873528e-06
548 1.11594023789e-05
549 9.17038629318e-06
550 -2.9640645288e-05
551 -4.95616155284e-06
552 4.52698889086e-06
553 -3.38157685695e-06
554 5.2267068038e-06
555 -4.72505999828e-07
556 -3.45986099961e-05
557 -4.85203216566e-06
558 1.35139722469e-05
559 1.16605149227e-05
560 4.77649697572e-09
561 -3.4564419681e-06
562 6.24938834251e-06
563 -6.77503399017e-06
564 -6.14327918963e-07
565 -8.83562360687e-06
566 -1.51990488445e-05
567 1.07790121065e-05
568 5.79511042176e-06
569 -2.75248781322e-06
570 4.19829457333e-06
571 -2.4909423622e-06
572 -4.14221071723e-07
573 -1.60106211636e-07
574 1.07452431824e-06
575 6.41068668648e-07
576 9.8235311663e-07
577 -2.78149343216e-06
578 2.49029065367e-06
579 -2.03284754084e-06
580 8.10304315686e-06
581 3.20032340063e-06
582 8.29749181826e-06
583 -2.81434230187e-05
584 -3.32832268546e-06
585 -4.54603585276e-05
586 -7.27618744091e-06
587 1.96507400897e-05
588 -4.91447609754e-06
589 -2.64379958654e-06
590 -4.43895963472e-06
591 -4.76944361898e-06
592 -7.28742640455e-06
593 -6.77719919411e-06
594 -5.20440228617e-06
595 5.07854685091e-06
596 1.09767033458e-05
597 2.70457535645e-05
598 3.55805428424e-06
599 1.2723549105e-05
600 1.4327627551e-06
601 3.69763949777e-06
602 -9.76644409555e-08
603 1.28470361483e-06
604 -5.65808494059e-06
605 -4.19094558327e-06
606 -4.98946946811e-06
607 2.11582074517e-07
608 2.44428595808e-06
609 2.13695613627e-06
610 5.92713823684e-07
611 4.46672406835e-07
612 2.96998768131e-07
613 -1.3331734334e-07
614 6.52441261954e-07
615 -2.26657786118e-06
616 1.10829878959e-05
617 7.58694167017e-06
618 -1.12943175997e-06
619 3.26125251526e-06
620 -6.36725991412e-06
621 -2.04493260931e-06
622 -6.55548878581e-06
623 -1.26978842285e-06
624 -1.66247506161e-06
625 4.7453064062e-06
626 2.00003226856e-05
627 2.27058985205e-06
628 -2.30351834274e-05
629 -2.57965381204e-06
630 6.60605776834e-06
631 4.80831376225e-06
632 6.55042973197e-07
633 -8.01365776013e-06
634 1.56243222245e-05
635 -3.73380407684e-06
636 -1.43191309242e-05
637 4.57827230535e-06
638 -2.63644502197e-07
639 9.82615945112e-06
640 -8.81541443842e-06
641 5.25192670301e-06
642 4.25565974296e-06
643 -7.07369555282e-06
644 -1.10154973778e-05
645 1.93244350903e-06
646 1.97398475602e-06
647 -1.54921197235e-06
648 -2.402079613e-06
649 7.49016078936e-07
650 -5.28131367825e-07
651 -4.00919653747e-07
652 -3.07608018336e-07
653 9.8219883695e-07
654 2.41249663095e-06
655 -2.59167687566e-06
656 -5.36214509195e-06
657 9.74100494334e-06
658 9.24827140674e-06
659 -3.41585301847e-06
660 2.22776604409e-06
661 -1.44476908836e-05
662 4.83209645439e-08
663 -3.36195924532e-06
664 1.89101177117e-06
665 -4.24285464576e-06
666 5.38257004465e-06
667 -1.47614084314e-05
668 5.82352540948e-06
669 -1.99265883234e-05
670 1.22181670832e-06
671 -5.4361750961e-06
672 7.39933979776e-06
673 -4.77938665424e-06
674 -6.45165333544e-08
675 -8.7303611967e-07
676 4.55953055836e-06
677 1.35224515562e-06
678 9.67830093153e-06
679 3.80210551081e-06
680 4.74578816245e-07
681 9.82177121063e-06
682 -6.22796404172e-06
683 -6.03655745409e-06
684 1.89692187552e-06
685 -2.91638607876e-07
686 2.18216958426e-06
687 2.28352509237e-06
688 -2.06773153555e-06
689 -1.00992447454e-06
690 -4.64179910759e-08
691 -1.47812425959e-06
692 1.83322738855e-06
693 2.94979091474e-07
694 1.94015377115e-08
695 -2.72350143492e-06
696 2.337312071e-06
697 5.40736468698e-06
698 -2.73728406932e-06
699 -1.62107834251e-06
700 -1.41519291098e-06
701 -3.46674892559e-07
702 7.39132845748e-06
703 6.84424434868e-06
704 4.08535218788e-06
705 2.91877448199e-07
706 -5.10844563849e-06
707 1.44677637755e-06
708 -1.02541098014e-05
709 -2.16534120674e-07
710 1.08797753495e-05
711 2.13889958746e-07
712 1.09975707046e-05
713 1.82426474399e-06
714 -4.44797495931e-06
715 -2.10830027014e-06
716 -7.8237617976e-06
717 2.98615334249e-06
718 5.58843098233e-06
719 -4.46175130654e-07
720 -2.59273333059e-06
721 -5.50971163329e-06
722 -2.37977554218e-06
723 1.56252209132e-06
724 -1.64779056688e-06
725 8.73523471438e-07
726 8.82477313661e-07
727 -4.57167672972e-07
728 -2.19436725679e-07
729 -3.28006916125e-08
730 3.01188563601e-07
731 -6.19464277183e-07
732 1.84644599353e-06
733 -4.04096807563e-06
734 -2.23055740003e-06
735 6.90752683075e-07
736 -6.49104370176e-06
737 4.72658966671e-06
738 3.7478451009e-06
739 6.80827785642e-06
740 4.36695591339e-06
741 1.6504527251e-05
742 5.416012705e-06
743 -1.71792746004e-05
744 -5.49543511419e-06
745 1.05747909752e-06
746 2.9569624038e-06
747 2.39651231022e-06
748 -7.98952244742e-07
749 -1.0390616498e-06
750 -3.96033163627e-06
751 2.74059660642e-06
752 -3.98697269055e-06
753 3.48106554378e-06
754 -4.22670626342e-06
755 -1.42195377502e-05
756 3.92514952612e-06
757 1.38588127807e-07
758 -1.38997556395e-06
759 -3.27301745693e-06
760 -2.40520249661e-06
761 -1.09962792735e-05
762 3.99743154704e-06
763 2.94353870567e-06
764 2.17896966975e-07
765 6.29614831122e-07
766 3.96734849351e-07
767 -1.54068619715e-07
768 1.32697407895e-07
769 -3.82930450277e-07
770 -1.97296539401e-08
771 -7.35323861419e-07
772 1.02774211305e-06
773 -3.13512752507e-06
774 8.76778269122e-06
775 6.40508986836e-06
776 -2.08509979729e-06
777 -5.53824410989e-07
778 -5.94891550023e-07
779 3.82307467824e-06
780 -6.45243574173e-07
781 -1.89023009769e-06
782 -7.7917422094e-06
783 1.68426072461e-06
784 -7.76143130596e-06
785 1.93462491687e-07
786 3.30605597302e-06
787 -2.7429224685e-06
788 -1.15572686278e-05
789 -2.74292246445e-06
790 3.3060560583e-06
791 1.93462506196e-07
792 -7.76143130596e-06
793 1.68426071483e-06
794 -7.79174224327e-06
795 -1.89023010364e-06
796 -6.45243578626e-07
797 3.82307467241e-06
798 -5.94891533473e-07
799 -5.53824407653e-07
800 -2.08509979729e-06
801 6.40508986511e-06
802 8.7677826509e-06
803 -3.13512752594e-06
804 1.02774211522e-06
805 -7.3532386788e-07
806 -1.97296106379e-08
807 -3.8293044429e-07
808 1.32697407895e-07
809 -1.54068622291e-07
810 3.96734810974e-07
811 6.29614835577e-07
812 2.17896968013e-07
813 2.94353871018e-06
814 3.99743158624e-06
815 -1.09962792644e-05
816 -2.40520249661e-06
817 -3.273017464e-06
818 -1.38997560152e-06
819 1.38588129937e-07
820 3.92514952803e-06
821 -1.42195377486e-05
822 -4.22670622474e-06
823 3.48106554962e-06
824 -3.98697269055e-06
825 2.74059659928e-06
826 -3.96033168003e-06
827 -1.03906164921e-06
828 -7.98952244438e-07
829 2.39651231094e-06
830 2.95696244573e-06
831 1.05747910494e-06
832 -5.49543511419e-06
833 -1.71792746072e-05
834 5.41601266662e-06
835 1.65045272518e-05
836 4.3669559129e-06
837 6.80827785621e-06
838 3.74784513767e-06
839 4.72658967265e-06
840 -6.49104370176e-06
841 6.90752677109e-07
842 -2.23055743518e-06
843 -4.04096807554e-06
844 1.84644599745e-06
845 -6.19464276728e-07
846 3.01188609284e-07
847 -3.28006845088e-08
848 -2.19436725679e-07
849 -4.5716768036e-07
850 8.82477272467e-07
851 8.73523471234e-07
852 -1.64779056532e-06
853 1.56252209097e-06
854 -2.37977549443e-06
855 -5.50971162717e-06
856 -2.59273333059e-06
857 -4.46175137872e-07
858 5.58843094011e-06
859 2.98615334133e-06
860 -7.82376179751e-06
861 -2.10830026946e-06
862 -4.44797491842e-06
863 1.82426474956e-06
864 1.09975707046e-05
865 2.13889952213e-07
866 1.08797753107e-05
867 -2.16534120438e-07
868 -1.02541098002e-05
869 1.44677637638e-06
870 -5.10844559647e-06
871 2.91877455476e-07
872 4.08535218788e-06
873 6.84424434185e-06
874 7.39132841669e-06
875 -3.46674894493e-07
876 -1.41519291172e-06
877 -1.62107834196e-06
878 -2.73728403101e-06
879 5.40736469334e-06
880 2.337312071e-06
881 -2.72350144261e-06
882 1.94014979833e-08
883 2.94979090576e-07
884 1.83322738948e-06
885 -1.47812426062e-06
886 -4.64179483722e-08
887 -1.00992446803e-06
888 -2.06773153555e-06
889 2.28352508681e-06
890 2.18216954619e-06
891 -2.91638606778e-07
892 1.89692187878e-06
893 -6.03655745376e-06
894 -6.22796399968e-06
895 9.82177121761e-06
896 4.74578816245e-07
897 3.8021055046e-06
898 9.67830089356e-06
899 1.35224515326e-06
900 4.55953056035e-06
901 -8.73036119e-07
902 -6.45164908233e-08
903 -4.77938664811e-06
904 7.39933979776e-06
905 -5.43617510211e-06
906 1.2218166708e-06
907 -1.99265883237e-05
908 5.82352540917e-06
909 -1.47614084332e-05
910 5.3825700823e-06
911 -4.2428546411e-06
912 1.89101177117e-06
913 -3.36195925307e-06
914 4.83209219044e-08
915 -1.44476908842e-05
916 2.22776604448e-06
917 -3.41585301762e-06
918 9.24827144976e-06
919 9.74100494984e-06
920 -5.36214509195e-06
921 -2.59167688184e-06
922 2.41249658546e-06
923 9.82198837407e-07
924 -3.07608020181e-07
925 -4.00919653646e-07
926 -5.28131328068e-07
927 7.49016084193e-07
928 -2.402079613e-06
929 -1.54921197841e-06
930 1.97398471285e-06
931 1.93244351116e-06
932 -1.1015497379e-05
933 -7.07369555138e-06
934 4.25565978214e-06
935 5.25192671098e-06
936 -8.81541443842e-06
937 9.82615944818e-06
938 -2.63644531033e-07
939 4.57827230832e-06
940 -1.43191309211e-05
941 -3.73380407528e-06
942 1.56243222618e-05
943 -8.01365775467e-06
944 6.55042973197e-07
945 4.80831375623e-06
946 6.6060577323e-06
947 -2.57965381241e-06
948 -2.30351834211e-05
949 2.27058985651e-06
950 2.00003227414e-05
951 4.74530641537e-06
952 -1.66247506161e-06
953 -1.26978843099e-06
954 -6.55548882632e-06
955 -2.04493260834e-06
956 -6.36725991377e-06
957 3.26125251651e-06
958 -1.12943171779e-06
959 7.58694167535e-06
960 1.10829878959e-05
961 -2.26657786714e-06
962 6.52441221546e-07
963 -1.33317342355e-07
964 2.96998768517e-07
965 4.46672407541e-07
966 5.92713864879e-07
967 2.1369561424e-06
968 2.44428595808e-06
969 2.1158206852e-07
970 -4.98946951221e-06
971 -4.19094558291e-06
972 -5.65808494095e-06
973 1.28470361715e-06
974 -9.76644004211e-08
975 3.69763950604e-06
976 1.4327627551e-06
977 1.27235491e-05
978 3.5580542476e-06
979 2.70457535659e-05
980 1.09767033463e-05
981 5.07854685269e-06
982 -5.20440224808e-06
983 -6.77719918836e-06
984 -7.28742640455e-06
985 -4.76944362345e-06
986 -4.43895966958e-06
987 -2.64379958657e-06
988 -4.91447609495e-06
989 1.96507400933e-05
990 -7.27618739408e-06
991 -4.54603585197e-05
992 -3.32832268546e-06
993 -2.81434230257e-05
994 8.29749177828e-06
995 3.20032340127e-06
996 8.10304315889e-06
997 -2.03284753928e-06
998 2.49029069912e-06
999 -2.78149342462e-06
1000 9.8235311663e-07
1001 6.41068662655e-07
1002 1.07452427552e-06
1003 -1.60106212335e-07
1004 -4.14221071385e-07
1005 -2.49094236055e-06
1006 4.1982946145e-06
1007 -2.75248780572e-06
1008 5.79511042176e-06
1009 1.07790121011e-05
1010 -1.5199048883e-05
1011 -8.83562360626e-06
1012 -6.14327917948e-07
1013 -6.7750339888e-06
1014 6.24938838545e-06
1015 -3.45644195954e-06
1016 4.77649697572e-09
1017 1.16605149178e-05
1018 1.35139722082e-05
1019 -4.85203216503e-06
1020 -3.45986099942e-05
1021 -4.72505998151e-07
1022 5.22670684431e-06
1023 -3.38157684986e-06
1024 4.52698889086e-06
1025 -4.9561615581e-06
1026 -2.96406453256e-05
1027 9.17038629214e-06
1028 1.11594023797e-05
1029 5.79755873406e-06
1030 3.12279786367e-05
1031 -6.82587496576e-06
1032 -5.2222050817e-06
1033 3.7831578768e-06
1034 -6.7838491574e-06
1035 2.33253306326e-06
1036 2.48974857947e-07
1037 2.34056001618e-07
1038 1.34796213695e-07
1039 2.80973669069e-06
1040 4.63344062895e-06
1041 -1.77945861046e-06
1042 1.52432204221e-07
1043 4.06945610733e-08
1044 -1.489018017e-07
1045 1.72639729952e-06
1046 3.74481818702e-06
1047 -6.02501840283e-06
1048 -4.63777012261e-06
1049 -5.49619466441e-06
1050 -4.94286691679e-06
1051 3.38173419612e-06
1052 1.13501901872e-06
1053 1.49154290696e-05
1054 -2.18832082755e-06
1055 9.72113185308e-06
1056 2.29182349445e-05
1057 -1.87641080955e-05
1058 -4.16704643803e-06
1059 2.53919934639e-05
1060 1.16352272205e-05
1061 1.6887889169e-05
1062 -8.06491585651e-06
1063 -2.13900825804e-05
1064 8.62605334095e-06
1065 -1.65417045804e-05
1066 5.94616566424e-06
1067 9.63797321027e-06
1068 -8.39096447112e-06
1069 -6.84266791069e-05
1070 6.35256854399e-06
1071 -2.47535518586e-05
1072 1.3017801479e-05
1073 1.3642679085e-06
1074 1.72652637644e-06
1075 6.94615367934e-07
1076 -1.26760041632e-06
1077 -3.75469311263e-06
1078 7.63606756578e-06
1079 -2.60146151731e-06
1080 3.97303919231e-06
1081 4.46627261085e-06
1082 3.18362347535e-08
1083 7.79002013484e-07
1084 -1.79060211064e-06
1085 -8.87979175483e-06
1086 5.16336658707e-06
1087 -9.18906637859e-06
1088 1.04119331854e-05
1089 1.09725605592e-06
1090 -1.4295541711e-06
1091 -5.12886988847e-06
1092 2.09150820217e-05
1093 4.17287753956e-06
1094 -2.77810667749e-06
1095 -2.22361199291e-05
1096 1.40605220187e-05
1097 -1.63851119834e-05
1098 5.20960345377e-05
1099 -1.65741987955e-05
1100 3.51910994548e-05
1101 -2.19831689655e-05
1102 -2.53641073286e-05
1103 -9.38041786634e-08
1104 5.36262328721e-05
1105 -2.2266488604e-05
1106 -2.62984854788e-05
1107 -3.74349782715e-06
1108 -4.91255429445e-05
1109 6.8969076236e-07
1110 -4.104741048e-06
1111 9.73414422072e-06
1112 -1.05375227095e-05
1113 -6.60930853788e-06
1114 -1.26207419313e-05
1115 1.36901753201e-05
1116 2.06753045427e-05
1117 -8.22577576102e-06
1118 -1.03500481733e-05
1119 -4.71112748425e-07
1120 9.37155081537e-07
1121 1.44169979381e-06
1122 -1.27369833111e-06
1123 -2.94662049073e-06
1124 -1.16308833222e-06
1125 -1.40392912967e-05
1126 -1.92566878739e-05
1127 2.87807680559e-05
1128 -1.72301405676e-06
1129 -3.33520712595e-06
1130 -1.25048907453e-05
1131 3.6658444928e-05
1132 1.00532783699e-05
1133 -9.35311290386e-06
1134 -1.53238933135e-05
1135 4.28491613539e-05
1136 -4.37079060411e-06
1137 -9.54139813538e-05
1138 6.24516906389e-06
1139 1.74806713563e-05
1140 -1.39220843797e-05
1141 9.62722962921e-05
1142 6.18235861343e-06
1143 -3.45992177885e-05
1144 -2.94846690885e-06
1145 -2.47945198558e-05
1146 2.32799499052e-06
1147 2.51810163658e-05
1148 1.08725021735e-05
1149 1.17425836909e-05
1150 4.24891704098e-06
1151 -2.52656284344e-05
1152 1.16583275505e-05
1153 1.37024264977e-05
1154 1.00071617524e-05
1155 1.15640875041e-05
1156 -5.54710499634e-06
1157 7.82056221602e-06
1158 -1.43561601835e-05
1159 -5.300121765e-06
1160 -2.11914691128e-06
1161 4.13019499722e-07
1162 -4.18761332026e-06
1163 -1.82347085496e-06
1164 -4.08261466378e-06
1165 -6.32448157226e-06
1166 -8.39470349091e-06
1167 1.14181394987e-05
1168 -1.04786159012e-05
1169 -2.01402281347e-05
1170 3.17795708033e-05
1171 1.36781918893e-05
1172 -0.000101374351931
1173 -1.14911140484e-05
1174 6.87744343278e-05
1175 -1.88904253277e-05
1176 3.84265190059e-05
1177 4.06484936403e-06
1178 -9.02063864032e-05
1179 6.51132173957e-06
1180 7.69009309389e-05
1181 9.84020627488e-06
1182 -0.00011859791103
1183 3.65680826832e-05
1184 -1.49238235947e-05
1185 5.41653876661e-06
1186 -6.48260403246e-05
1187 6.31197934959e-05
1188 4.89292820429e-05
1189 -2.67754623577e-05
1190 -1.67244121379e-05
1191 -1.00476783049e-05
1192 2.80771674266e-05
1193 1.58251717379e-05
1194 2.24549626131e-05
1195 4.79965436e-06
1196 4.30782674121e-05
1197 -1.58226731898e-05
1198 -1.57018767886e-05
1199 4.05105926108e-06
1200 5.29509598834e-07
1201 9.86035491209e-07
1202 2.47986960876e-06
1203 -6.48891546143e-07
1204 -1.4143119788e-05
1205 6.12387499404e-05
1206 4.75068129423e-05
1207 -1.42327375555e-05
1208 -2.27172244456e-05
1209 -1.70078562802e-05
1210 -1.01606815626e-05
1211 5.53306560296e-05
1212 -3.50529531576e-06
1213 3.2990597244e-05
1214 -1.41478804228e-05
1215 -0.000167902447914
1216 -2.24138181775e-05
1217 8.57813066911e-05
1218 -2.81219778733e-05
1219 -1.86396063705e-05
1220 2.76524388891e-05
1221 -2.93203285241e-05
1222 -7.42137762287e-05
1223 -3.08825408979e-05
1224 2.31521117051e-05
1225 3.84842686816e-06
1226 -4.6400271985e-05
1227 -0.000145184086711
1228 2.26223370791e-05
1229 2.46210468948e-05
1230 -2.68649307484e-05
1231 -5.59190766059e-05
1232 4.43417319929e-06
1233 -1.77212987167e-05
1234 1.61744762503e-05
1235 -5.36582907274e-06
1236 2.56254486523e-05
1237 -4.19826300668e-05
1238 1.60569310575e-05
1239 9.93951033814e-08
1240 -8.6289910266e-06
1241 -3.13987338427e-06
1242 -2.47459084723e-05
1243 -3.52314459111e-05
1244 3.62295163562e-05
1245 2.58952664499e-05
1246 -0.000119357730672
1247 -9.13406334298e-05
1248 3.82125453564e-05
1249 3.14416943696e-05
1250 -0.000187313897602
1251 -0.000116671421476
1252 0.000133593790313
1253 1.42100186434e-05
1254 -1.90758000876e-05
1255 -2.68571628815e-05
1256 -0.000155914373589
1257 -4.08144973498e-05
1258 -4.18891093789e-06
1259 9.61078691671e-06
1260 0.000132955345322
1261 -1.88147770538e-06
1262 -0.000103799894295
1263 4.96793025759e-05
1264 0.000313893560976
1265 6.42015537308e-05
1266 -5.68156979045e-05
1267 -3.41425340208e-05
1268 -0.000104593637682
1269 5.37576072728e-05
1270 8.28044756961e-05
1271 -2.90677248324e-05
1272 -9.77198248719e-06
1273 3.83384742422e-05
1274 5.29713076786e-05
1275 -9.53284764029e-06
1276 7.69307883523e-05
1277 -2.81129756768e-06
1278 4.12045121674e-06
1279 -9.81908781498e-07
1280 9.84432133233e-06
1281 -5.0376075416e-05
1282 -3.41434376156e-05
1283 3.57883681658e-05
1284 -5.29529048373e-05
1285 0.000140774764967
1286 3.4716870605e-05
1287 -0.000135462549472
1288 -5.44757264658e-05
1289 0.000213265335364
1290 0.000143548750219
1291 -0.000435168620443
1292 -7.25116071328e-05
1293 0.000155250113706
1294 7.03690964034e-05
1295 0.000412620214283
1296 0.000125211610775
1297 -0.000366182404885
1298 -3.05372029953e-05
1299 -1.67379521397e-05
1300 -0.000161322352764
1301 0.000266318216931
1302 -7.23556364562e-05
1303 0.000194983609284
1304 -1.92833395571e-05
1305 -7.90745042668e-05
1306 -5.20499240458e-05
1307 -2.83455261809e-05
1308 0.000143278011154
1309 0.000332376458361
1310 -0.000139162227994
1311 -4.41543220684e-05
1312 -3.37719112142e-06
1313 3.44173651083e-05
1314 3.32072134305e-05
1315 8.96727924407e-05
1316 -4.14401160168e-05
1317 -1.79924252938e-05
1318 -5.5822267896e-06
1319 -3.06997277246e-05
1320 3.77041874779e-05
1321 -3.79323633643e-05
1322 8.71398826758e-05
1323 4.23001043137e-05
1324 0.00010459003328
1325 8.58219901131e-05
1326 8.20072498908e-05
1327 0.000217226160142
1328 -0.000346336332634
1329 0.000171755670943
1330 -0.000376954393424
1331 1.43160224913e-05
1332 -0.000182149433372
1333 -0.000120213786493
1334 -0.000148714465399
1335 0.00017114981834
1336 -0.000227916043788
1337 0.000150558728541
1338 -0.000529055997837
1339 0.000139144184887
1340 0.000833668558387
1341 -8.15956727051e-06
1342 -0.000197286419776
1343 2.27494549731e-05
1344 0.000409579622043
1345 -0.000158941515152
1346 -9.77571663304e-06
1347 0.000220289605416
1348 0.000557671800831
1349 -7.48176263665e-05
1350 -2.12596200459e-05
1351 -0.000123268403084
1352 -0.00028652528674
1353 -4.81932591978e-05
1354 -7.98288115321e-05
1355 -2.49614770856e-05
1356 -8.15979542135e-05
1357 2.36203234243e-05
1358 -1.31805128649e-05
1359 -6.74432877371e-05
1360 -0.000123861144774
1361 4.47979896157e-05
1362 -7.7341037515e-05
1363 -0.000129045122202
1364 -0.000137020089166
1365 -0.000117424982083
1366 6.55964287304e-05
1367 0.00051354775397
1368 0.000459901627765
1369 -0.000288051714396
1370 -0.000407054626406
1371 0.00157535498093
1372 -1.48967573515e-05
1373 0.000138926492443
1374 7.54704969247e-05
1375 -0.00125567109166
1376 -0.000182314563663
1377 -0.000708636328762
1378 0.000202992009464
1379 0.000186575264938
1380 -0.000728536337761
1381 -0.000282066516136
1382 -0.000377416489774
1383 0.000227908899138
1384 -9.39902141717e-06
1385 0.0011788477257
1386 -0.000115975309117
1387 -0.0017229950744
1388 0.000319691260544
1389 0.00110212105703
1390 -0.00011796824145
1391 -0.000373984436313
1392 0.000117712301496
1393 -0.000104198844697
1394 0.000128789327757
1395 8.5399573547e-05
1396 9.25144558706e-06
1397 8.80476313145e-05
1398 -3.81701963324e-06
1399 7.62685438585e-06
1400 -2.07816651718e-05
1401 -9.87851993569e-07
1402 -3.12475224476e-05
1403 -3.9300718702e-05
1404 -8.36147398386e-05
1405 -3.72292961834e-06
1406 -0.000117248046553
1407 -6.2654963358e-05
1408 3.50156402034e-05
1409 -1.16839373138e-05
1410 -4.3879499059e-05
1411 -2.36761935029e-05
1412 1.21242588523e-05
1413 -3.97480230669e-05
1414 -1.37196660411e-05
1415 4.1045020021e-05
1416 -8.13703493465e-05
1417 -2.70156449735e-05
1418 3.4999952821e-05
1419 3.20070153674e-06
1420 -3.64794549641e-05
1421 6.99333253156e-07
1422 -0.000166696009786
1423 0.000132682257493
1424 0.000218758288486
1425 -8.03811753655e-05
1426 -0.000724376611804
1427 -1.83654456388e-06
1428 -0.000936091734082
1429 0.00149945103672
1430 -0.000717628450724
1431 0.00201024560093
1432 0.00343571465834
1433 -0.000271751800494
1434 -0.00162854081182
1435 0.00278661136166
1436 0.00660742599728
1437 -0.00186083922553
1438 0.00269930716103
1439 -0.00205773472434
1440 -0.00250545683405
1441 0.00650630495246
1442 -0.0130728545157
1443 0.0318402561834
1444 0.0271516561438
1445 0.00390613936379
1446 0.00254410090682
1447 0.0115939537823
1448 -0.0121421453724
1449 0.053501824913
1450 0.0210634827248
1451 -0.00143065481631
1452 0.0117249241508
1453 -0.0213658129804
1454 -0.00883907133095
1455 0.0125051186699
1456 0.0150257137407
1457 0.0230187133073
1458 0.0125718427013
1459 0.0285583446535
1460 -0.0312864545653
1461 -0.0693263778962
1462 -0.035712176122
1463 -0.071658461118
1464 -0.0108915799315
1465 -0.0926140791373
1466 0.0334553131682
1467 0.230898706992
1468 -0.166098713124
1469 -0.175419932601
1470 -0.0598814993813
1471 -0.0763958879852
1472 -0.225370380681
1473 -0.25791702602
1474 -0.138373474966
1475 -0.186494126456
1476 0.0658354840259
1477 -0.0828099996813
1478 -0.33592500924
1479 -0.234792707647
1480 -0.260489198713
1481 -0.288826658904
1482 -0.0600365518608
1483 -0.181587141352
1484 -0.262497748154
1485 -0.817781497765
1486 0.211565419713
1487 0.373058582833
1488 0.0153336787823
1489 -0.0124973049306
1490 0.0867872110153
1491 0.0408936726058
1492 0.490061566308
1493 0.278759284594
1494 0.0934694001702
1495 -0.0480392188073
1496 0.385279713561
1497 -0.654584295492
1498 -3.36195051745
1499 0.0278916598788
1500 -0.192002761125
1501 0.217511120874
1502 0.731034503658
1503 0.604312618583
1504 0.0602633548828
1505 0.139780570212
1506 -2.2833658987
1507 2.57732924587
1508 3.92683674684
1509 0.429617618951
1510 1.907568901
1511 0.637813629656
1512 0.538153372273
1513 1.70970387517
1514 1.29707050478
1515 2.37683355251
1516 2.03414001301
1517 -1.06143393021
1518 -1.48944049695
1519 2.52201552242
1520 1.99786494333
1521 0.318628835985
1522 -2.58521959195
1523 8.07415127574
1524 3.01182336957
1525 6.7952903861
1526 3.07223584201
1527 5.64713864856
1528 5.57650015337
1529 -6.05848870909
1530 2.77698977337
1531 -2.31110215689
1532 0.371387223647
1533 -5.39864305168
1534 -0.792671674811
1535 -1.91389368488
1536 0.863088895182
1537 2.280272973
1538 -0.896375322051
1539 -3.0651129714
1540 -1.1947965134
1541 -6.17267078849
1542 -0.178424068179
1543 2.26178584748
1544 -3.29326818452
1545 -1.96336291369
1546 -4.52155288577
1547 1.0014201158
1548 -9.45125034061
1549 -13.213890748
1550 -6.0903688761
1551 -7.83047693349
1552 -6.60035112597
1553 -8.84922982324
1554 -11.3951731668
1555 -15.3801696177
1556 -6.38009998116
1557 -17.0691860021
1558 -0.979460490641
1559 -16.3516629021
1560 4.00506698265
1561 -10.9246161632
1562 6.87347045627
1563 -4.27156603937
1564 -2.00823352256
1565 -5.46756929403
1566 -10.0568524535
1567 -9.54931272109
1568 -4.29111036182
1569 -6.76793187531
1570 -16.3718315841
1571 -9.32371290481
1572 -38.5006288076
1573 -10.4032408014
1574 -91.7874018434
1575 -18.7666079838
