0 1.92846324701e-35
1 -4.13452004277e-06
2 -3.79094546993e-05
3 -0.000150846098084
4 -0.000408354249562
5 -0.00088045637399
6 -0.00160897291114
7 -0.00255735107137
8 -0.00355960693007
9 -0.00427757749976
10 -0.00417272457959
11 -0.00251018345524
12 0.00158487669893
13 0.00901588917617
14 0.0205679456948
15 0.0367526522611
16 0.0576790888658
17 0.0829701546562
18 0.111747156238
19 0.142704292771
20 0.174268936816
21 0.204817361763
22 0.23288870091
23 0.257365346992
24 0.27758598691
25 0.293361089628
26 0.30488940804
27 0.312601251342
28 0.316964698461
29 0.318307439181
30 0.316702657368
31 0.311934330731
32 0.303563173749
33 0.291080900324
34 0.274106039104
35 0.252570334351
36 0.226856305558
37 0.197843535637
38 0.166843782324
39 0.135435601202
40 0.105246451757
41 0.07771484936
42 0.0538756677638
43 0.0342402803785
44 0.0187833062131
45 0.00701957450669
46 -0.00184019323613
47 -0.00869134881717
48 -0.0143462595341
49 -0.019395194388
50 -0.0241352253814
51 -0.0285690092012
52 -0.0324648276636
53 -0.0354638486486
54 -0.0371978863955
55 -0.0373893607759
56 -0.0359179802652
57 -0.032862007855
58 -0.0285081861018
59 -0.0233229632213
60 -0.0178965891219
61 -0.0128759023918
62 -0.00889517374907
63 -0.00650506953052
64 -0.00609542717556
65 -0.00783533108503
66 -0.0116442230243
67 -0.0171905826243
68 -0.0239286915988
69 -0.0311726136251
70 -0.0381759203021
71 -0.0442285176542
72 -0.0487429928001
73 -0.0513047399263
74 -0.0516789571482
75 -0.0497822168984
76 -0.0456096584176
77 -0.0391567929002
78 -0.0303512642779
79 -0.0190270702921
80 -0.00492895648977
81 0.0122253880544
82 0.0326448799318
83 0.0563517974127
84 0.0830856786303
85 0.112243414567
86 0.142872553288
87 0.173740312893
88 0.203467255938
89 0.23068462697
90 0.254201574827
91 0.273156630954
92 0.287126643738
93 0.296159610458
94 0.300741141766
95 0.301702863119
96 0.300088083719
97 0.296998535302
98 0.293459253112
99 0.290316866013
100 0.288175164104
101 0.287374653059
102 0.288017530717
103 0.290009259265
104 0.293119368162
105 0.297041331134
106 0.301435851609
107 0.305957804533
108 0.310271723217
109 0.314050182039
110 0.316988395935
111 0.318827853635
112 0.319372185984
113 0.318508211914
114 0.316235540103
115 0.312681947457
116 0.308112844127
117 0.302910555074
118 0.297544918702
119 0.292524479413
120 0.28834544564
121 0.285436163511
122 0.284104011998
123 0.284496026018
124 0.286585604165
125 0.290183333396
126 0.294963173394
127 0.300512611576
128 0.306394587016
129 0.312195420447
130 0.317577623632
131 0.322308344651
132 0.326265359691
133 0.329412641224
134 0.331766127444
135 0.333357797241
136 0.334200809408
137 0.334272091895
138 0.333514491377
139 0.331858994821
140 0.329264589389
141 0.325759547482
142 0.321470020059
143 0.316628113647
144 0.311556982783
145 0.306634066894
146 0.302243347854
147 0.298712365623
148 0.296252333924
149 0.294904966043
150 0.294524447211
151 0.294800389904
152 0.295305776077
153 0.295563030449
154 0.295134693547
155 0.293712418774
156 0.291188101045
157 0.287685931293
158 0.283561932065
159 0.279355710564
160 0.275707160122
161 0.273255985807
162 0.272527499855
163 0.273836424407
164 0.27722304303
165 0.282416027403
166 0.288842368926
167 0.295695535108
168 0.302065220065
169 0.307088252169
170 0.310114898814
171 0.310862418446
172 0.30953926322
173 0.306903136562
174 0.304214510454
175 0.303095010935
176 0.305296997431
177 0.312412739297
178 0.325561466108
179 0.345142122813
180 0.370688176732
181 0.40088064069
182 0.433715968136
183 0.466783975818
184 0.497626825304
185 0.524119802739
186 0.544768741643
187 0.558891109855
188 0.56663729463
189 0.56887238294
190 0.56695628822
191 0.562460854771
192 0.556899037253
193 0.551502109692
194 0.547107691999
195 0.544135734789
196 0.542650506958
197 0.542460459287
198 0.543211312586
199 0.544487375786
200 0.545871316667
201 0.546959913725
202 0.547362865643
203 0.546697422226
204 0.544606380823
205 0.540780402997
206 0.535006262505
207 0.527249078338
208 0.517723595084
209 0.506915359919
210 0.495555550791
211 0.484537456614
212 0.474790918055
213 0.467148999198
214 0.462201455214
215 0.46019157599
216 0.461001320717
217 0.464191819186
218 0.46908374449
219 0.474882845622
220 0.480801581772
221 0.486195558983
222 0.490664245502
223 0.494073732253
224 0.496532448643
225 0.498334404138
226 0.499875968432
227 0.501564403165
228 0.503714342144
229 0.506477398343
230 0.509803550308
231 0.513417118323
232 0.516842779316
233 0.519479451186
234 0.520706547494
235 0.519987379858
236 0.51697109344
237 0.511546511007
238 0.503833501954
239 0.494163585235
240 0.483010065155
241 0.47088398043
242 0.45825736377
243 0.445503802304
244 0.432887638655
245 0.420601474175
246 0.408836020497
247 0.397854750017
248 0.388025934638
249 0.379827251317
250 0.373803705398
251 0.370469015542
252 0.370184534832
253 0.373063098576
254 0.378905535536
255 0.387197709116
256 0.397194497014
257 0.408033936461
258 0.418887900647
259 0.429107117959
260 0.438331734014
261 0.446536240247
262 0.454010426748
263 0.461257201121
264 0.468844115786
265 0.477216380515
266 0.486577353798
267 0.496812583626
268 0.507465939317
269 0.51779657516
270 0.526926592233
271 0.533990370962
272 0.538299671579
273 0.539487141964
274 0.537583613901
275 0.533013900973
276 0.526536045347
277 0.519122184879
278 0.511827245855
279 0.505656802291
280 0.501442443821
281 0.499750605739
282 0.500854747684
283 0.504708926048
284 0.51096481676
285 0.519019630688
286 0.528076296757
287 0.537213126193
288 0.545463481153
289 0.551933916579
290 0.555903573846
291 0.556901299557
292 0.554743674613
293 0.549553339561
294 0.541743370394
295 0.531941259568
296 0.52088534437
297 0.509328316604
298 0.497951981667
299 0.487315023469
300 0.477830669143
301 0.469753507803
302 0.4632142733
303 0.458265231713
304 0.454911689041
305 0.453125974681
306 0.45285670814
307 0.454030433636
308 0.456518869789
309 0.460114982422
310 0.464536467128
311 0.469401225663
312 0.474225057149
313 0.478450196195
314 0.481496636498
315 0.482827289067
316 0.482045081323
317 0.478967388327
318 0.473684914572
319 0.466586559465
320 0.458305058297
321 0.44963439533
322 0.441427489221
323 0.434451695927
324 0.429265842245
325 0.42614530641
326 0.425042718905
327 0.425625540147
328 0.427352525774
329 0.429571823174
330 0.431634572355
331 0.4329850141
332 0.43321742157
333 0.432120497908
334 0.429706054779
335 0.426183258635
336 0.421911101937
337 0.417360048247
338 0.413041988106
339 0.409453280814
340 0.406986987791
341 0.405857719608
342 0.406080072514
343 0.407496916918
344 0.409818943999
345 0.412724563906
346 0.415971151969
347 0.419490530569
348 0.423437231942
349 0.428201159738
350 0.434334674469
351 0.442420346325
352 0.452903408128
353 0.465939616708
354 0.481282796571
355 0.498266719178
356 0.515855392067
357 0.532752091714
358 0.547555417229
359 0.558971181895
360 0.566004814304
361 0.568095791033
362 0.565213451486
363 0.557873954757
364 0.54704808375
365 0.53405014632
366 0.520377311557
367 0.507534537802
368 0.496835475169
369 0.489250287852
370 0.485314335364
371 0.485090503727
372 0.488195180979
373 0.493903228353
374 0.50131490532
375 0.509512373641
376 0.517681892631
377 0.525192291861
378 0.531615757555
379 0.536709951475
380 0.540329848329
381 0.542357256645
382 0.542647670615
383 0.541019029536
384 0.537274282583
385 0.531269529103
386 0.523002857536
387 0.512664725872
388 0.500640204315
389 0.487474299262
390 0.473773139872
391 0.460098435299
392 0.446875437086
393 0.434359049668
394 0.422665987499
395 0.411883180886
396 0.402185410919
397 0.393919877797
398 0.38763093706
399 0.384005653304
400 0.383725600395
401 0.387251442191
402 0.394643407159
403 0.405433409493
404 0.418582816049
405 0.432596322924
406 0.445763238524
407 0.456459155194
408 0.463448105006
409 0.466139055683
410 0.464674324357
411 0.459886800027
412 0.453130810007
413 0.446029362104
414 0.440196440531
415 0.436960294831
416 0.437161336198
417 0.441064732247
418 0.448375320999
419 0.458324678877
420 0.469826542856
421 0.481660685659
422 0.492659939301
423 0.501870338442
424 0.508669403985
425 0.512815826375
426 0.514457456391
427 0.514075412087
428 0.51237587863
429 0.510154455882
430 0.508124257665
431 0.506766197663
432 0.506213809079
433 0.506218784063
434 0.506201540246
435 0.505378665403
436 0.502952637286
437 0.498334296548
438 0.491341417634
439 0.482294185287
440 0.47201081691
441 0.461708565833
442 0.452796374397
443 0.44660356752
444 0.444122892453
445 0.445817072345
446 0.45154001516
447 0.460567387345
448 0.471769894079
449 0.483847025249
450 0.495535580202
451 0.505789641301
452 0.513896381277
453 0.519498408315
454 0.522518958433
455 0.523044075637
456 0.521239574683
457 0.51730765298
458 0.511486876748
459 0.504074432507
460 0.495487440718
461 0.486290232061
462 0.47718808629
463 0.468960183718
464 0.462348040727
465 0.45790773945
466 0.455897162073
467 0.456218198732
468 0.458438186097
469 0.461875087377
470 0.465723721001
471 0.469226687704
472 0.471826879082
473 0.473279543761
474 0.473702860472
475 0.473570863688
476 0.473616333045
477 0.474705740793
478 0.477696272786
479 0.483275348793
480 0.491829752579
481 0.503374708474
482 0.517524664736
483 0.533513990571
484 0.55028527403
485 0.566625081721
486 0.581294094988
487 0.593156084012
488 0.601313998163
489 0.605211630141
490 0.604673206787
491 0.599924212986
492 0.591567523956
493 0.580517484252
494 0.567890516918
495 0.554850775993
496 0.542475775969
497 0.531587744601
498 0.522624836655
499 0.515570908606
500 0.509981043439
501 0.505091421338
502 0.500007161557
503 0.493920619088
504 0.486318439539
505 0.477140178654
506 0.466815985654
507 0.456176353978
508 0.446274343869
509 0.438145667085
510 0.432554024541
511 0.429828139497
512 0.429810772439
513 0.431941617004
514 0.435422868301
515 0.439473222913
516 0.443534878746
517 0.447387971979
518 0.451177095173
519 0.455321172097
520 0.460314606481
521 0.4665163705
522 0.473956023087
523 0.482240786871
524 0.490586586133
525 0.497961844554
526 0.503301862507
527 0.505745204738
528 0.5048257825
529 0.500571413408
530 0.49348861434
531 0.484467590611
532 0.474619843648
533 0.46507282961
534 0.456826739767
535 0.450629553051
536 0.446966557857
537 0.44608454519
538 0.448048256566
539 0.452800931287
540 0.460197796748
541 0.470017684837
542 0.481949979137
543 0.495550787728
544 0.510229398755
545 0.52528860855
546 0.539979123257
547 0.553571626504
548 0.565440233345
549 0.575119537654
550 0.582313566239
551 0.586870372066
552 0.58872320127
553 0.58782695668
554 0.584090384628
555 0.577378238548
556 0.567575967164
557 0.554688053929
558 0.538950673344
559 0.520935460598
560 0.501585662014
561 0.482187653042
562 0.464242442264
563 0.449310541512
564 0.438795797728
565 0.43374044995
566 0.434687499905
567 0.441620265301
568 0.45396279824
569 0.470662420305
570 0.490337653739
571 0.511448119324
572 0.53247900092
573 0.552081425858
574 0.569183694082
575 0.583046474549
576 0.593288726927
577 0.599865222269
578 0.602991474332
579 0.603040438943
580 0.600435025846
581 0.595554123563
582 0.588675574448
583 0.57993794465
584 0.569371344661
585 0.556979489732
586 0.542849585221
587 0.527245764126
588 0.510683879249
589 0.493956036243
590 0.478090994889
591 0.464221495655
592 0.453411154744
593 0.446465789693
594 0.443776647725
595 0.445244555856
596 0.450289602624
597 0.457952746922
598 0.467066565898
599 0.476441998597
600 0.485062001773
601 0.492227680893
602 0.497606493383
603 0.501236553775
604 0.503436426677
605 0.504680580873
606 0.505480328444
607 0.506297180256
608 0.507471654621
609 0.509189659789
610 0.511489171943
611 0.514290665737
612 0.517444250196
613 0.520757952584
614 0.524010106639
615 0.526983050149
616 0.529476721147
617 0.531323759142
618 0.532425918193
619 0.532751830513
620 0.532332145845
621 0.531229416256
622 0.529532752355
623 0.527332342733
624 0.524719682348
625 0.521798103808
626 0.518698360589
627 0.515576635129
628 0.512634556693
629 0.510125471153
630 0.508325296972
631 0.507466076314
632 0.507667622882
633 0.508889316147
634 0.510908685489
635 0.513338955478
636 0.515692297738
637 0.517462784423
638 0.518246324493
639 0.517830817138
640 0.51625139196
641 0.513771515991
642 0.510816508748
643 0.507864071185
644 0.505320269901
645 0.503414273247
646 0.502134892429
647 0.501240960293
648 0.50034407261
649 0.499002530307
650 0.496848763813
651 0.493723915631
652 0.489767681197
653 0.48540701928
654 0.481281469797
655 0.478137540254
656 0.476673515581
657 0.477378777854
658 0.480437615128
659 0.485676726161
660 0.492573411675
661 0.500335757857
662 0.508049287354
663 0.514825723419
664 0.519962454584
665 0.523035538025
666 0.523935986462
667 0.522856371654
668 0.520243404472
669 0.516714889504
670 0.512962162829
671 0.509649521172
672 0.507334544825
673 0.50644678705
674 0.507262731119
675 0.509890956974
676 0.514292074135
677 0.52024917024
678 0.52735702708
679 0.535033074117
680 0.542539645513
681 0.549044301838
682 0.553726081072
683 0.555898496925
684 0.555156957442
685 0.551498709597
686 0.545397667133
687 0.537779396771
688 0.529928747704
689 0.523285210386
690 0.519192893025
691 0.518665539804
692 0.522194356339
693 0.529639816101
694 0.540266820549
695 0.552898774498
696 0.566170580959
697 0.578792348085
698 0.589781588255
699 0.598636672014
700 0.605373339652
701 0.610441329566
702 0.614552913069
703 0.618444120317
704 0.622641788508
705 0.627255127907
706 0.631883489855
707 0.635649649533
708 0.637360575895
709 0.635759299132
710 0.629811926015
711 0.618958598637
712 0.603279310396
713 0.583582613991
714 0.561343387328
715 0.538507439551
716 0.517194736094
717 0.499346344841
718 0.486420432014
719 0.47917537542
720 0.477579025215
721 0.4808737117
722 0.487741368437
723 0.496575368528
724 0.505746276959
725 0.513825036371
726 0.519750205725
727 0.522880039461
728 0.522970740357
729 0.520103976637
730 0.514595749245
731 0.506942100169
732 0.497784705395
733 0.48789162187
734 0.478142099937
735 0.469459874849
736 0.462735345632
737 0.458705459338
738 0.457798144038
739 0.460034504302
740 0.464963041177
741 0.47170542711
742 0.479089975654
743 0.485843479199
744 0.49079487941
745 0.493060518261
746 0.492170603109
747 0.488107186511
748 0.48128038099
749 0.472459079534
750 0.462662713548
751 0.453036547022
752 0.444735391339
753 0.438842009318
754 0.436307052984
755 0.43787384753
756 0.443986678535
757 0.454723008983
758 0.469769290185
759 0.488411441116
760 0.509582033155
761 0.531980177663
762 0.554203027826
763 0.574914403082
764 0.592979413546
765 0.607556993504
766 0.618138556383
767 0.624551904073
768 0.626889018595
769 0.625437678305
770 0.620635349166
771 0.613057621547
772 0.603416601353
773 0.59255415042
774 0.581408112004
775 0.570920243508
776 0.561907345695
777 0.55490745497
778 0.550015901754
779 0.546785667676
780 0.544216017796
781 0.540889554073
782 0.53521130401
783 0.52571143629
784 0.511349263952
785 0.491767490412
786 0.467411223914
787 0.43949527951
788 0.409828459013
789 0.380547032556
790 0.35378291576
791 0.331342333846
792 0.314460462692
793 0.303653365916
794 0.298692300412
795 0.298664954246
796 0.302098235072
797 0.307128846042
798 0.311699392475
799 0.313751989109
800 0.311426781031
801 0.303253923856
802 0.288303756173
803 0.266313450867
804 0.237759563564
805 0.203837061665
806 0.166347333383
807 0.127513916066
808 0.0897117102841
809 0.0551765938692
810 0.0257464051874
811 0.0026607598026
812 -0.0135397686303
813 -0.0230052163905
814 -0.0264807081827
815 -0.0251400313875
816 -0.0203775130938
817 -0.0136081373632
818 -0.00609970330994
819 0.00113332069669
820 0.00738412857722
821 0.0122507240401
822 0.0156065526912
823 0.0175411133972
824 0.0182838124085
825 0.0181306169034
826 0.0173828428423
827 0.0162965831853
828 0.0150488546706
829 0.0137401672859
830 0.0124033855967
831 0.0110252801362
832 0.00958776961966
833 0.00809865053394
834 0.00662065279847
835 0.0052849309483
836 0.00426745874162
837 0.00374154140733
838 0.00383279587643
839 0.00458361905645
840 0.00593093020031
841 0.00771796610025
842 0.00974469173355
843 0.0118507471388
844 0.014009844088
845 0.0164062632362
846 0.0194681625302
847 0.0238536253946
848 0.0303638927375
849 0.0398001014862
850 0.0527980662239
851 0.0696634494466
852 0.090258429597
853 0.113968940759
854 0.139752393862
855 0.166265733176
856 0.192061702735
857 0.215798714826
858 0.23642761951
859 0.253320591609
860 0.266319045855
861 0.275693232018
862 0.282041425544
863 0.286146355288
864 0.288820181716
865 0.290772838721
866 0.292538018274
867 0.294438515759
868 0.296598731679
869 0.298986220375
870 0.301465926758
871 0.303851470223
872 0.305949905598
873 0.307579959267
874 0.308584856768
875 0.308844085434
876 0.308276659508
877 0.306846513964
878 0.304571558327
879 0.301533147459
880 0.297884438774
881 0.293845574249
882 0.289693456717
883 0.285738087193
884 0.282292786736
885 0.279644282597
886 0.278020677519
887 0.277568004616
888 0.278331027599
889 0.280242311417
890 0.283118454051
891 0.286665655036
892 0.290503564644
893 0.294207412912
894 0.297351041833
895 0.299558984274
896 0.300566399615
897 0.3002699591
898 0.298760667805
899 0.296332037878
900 0.293452930112
901 0.290704261846
902 0.288691236996
903 0.287952501728
904 0.288864724554
905 0.291561537377
906 0.295906745776
907 0.301503047574
908 0.307747984701
909 0.313926008896
910 0.319317978929
911 0.323307487381
912 0.325465640421
913 0.325605831461
914 0.32379152045
915 0.320305871512
916 0.315589756339
917 0.310165332595
918 0.304547694886
919 0.299178905847
920 0.294385218334
921 0.290342962974
922 0.287078582906
923 0.284489903543
924 0.28237980727
925 0.280507019151
926 0.278638984551
927 0.276595300549
928 0.274295770326
929 0.27178722211
930 0.269243290873
931 0.266946437018
932 0.265242816569
933 0.264471719949
934 0.264886260132
935 0.266602090486
936 0.269588385526
937 0.273682237772
938 0.278641332509
939 0.284236929281
940 0.290355639713
941 0.297083682763
942 0.304722127531
943 0.313754787327
944 0.324761712269
945 0.338279533327
946 0.354643499838
947 0.373863736513
948 0.395547559283
949 0.41891372572
950 0.442892349782
951 0.466265323717
952 0.48784652707
953 0.506670373068
954 0.522111484466
955 0.533950722061
956 0.542349733224
957 0.547780172364
958 0.550909726077
959 0.552459442896
960 0.553072327519
961 0.55322541532
962 0.553207280947
963 0.553127147496
964 0.552964787322
965 0.552636836659
966 0.552030053919
967 0.551044860614
968 0.549616094052
969 0.547695934219
970 0.545231872351
971 0.542138986225
972 0.538292691548
973 0.533532923072
974 0.527702447064
975 0.520717906546
976 0.512637863631
977 0.503700696249
978 0.494331658201
979 0.485124996501
980 0.476787911237
981 0.470058453558
982 0.465578469268
983 0.463779911018
984 0.4648305621
985 0.468600049726
986 0.474651436542
987 0.482293397874
988 0.490643389381
989 0.498733360581
990 0.505646297286
991 0.510626425207
992 0.513177691219
993 0.513129193715
994 0.510663738905
995 0.506302494088
996 0.500814086379
997 0.495108276418
998 0.490096730029
999 0.486532391457
1000 0.484874036695
1001 0.48522239087
1002 0.487324064299
1003 0.490621915198
1004 0.494364770832
1005 0.497735965605
1006 0.499957493557
1007 0.500400213686
1008 0.498646467086
1009 0.494503053907
1010 0.487991575474
1011 0.479298631363
1012 0.468732983008
1013 0.456713459528
1014 0.443770384467
1015 0.430538596924
1016 0.417728212581
1017 0.406098250029
1018 0.396390502472
1019 0.389253973304
1020 0.385151831514
1021 0.384283458342
1022 0.386547638057
1023 0.391544312171
1024 0.398651304128
1025 0.4071239382
1026 0.416224586936
1027 0.42536080292
1028 0.434179721789
1029 0.442599918408
1030 0.450795533717
1031 0.459100975006
1032 0.467889197469
1033 0.477406582376
1034 0.48767060518
1035 0.49841967595
1036 0.509109189699
1037 0.518987252401
1038 0.527235710396
1039 0.5331174269
1040 0.536124239424
1041 0.53608227544
1042 0.533199959129
1043 0.528035937531
1044 0.521410895528
1045 0.514282754492
1046 0.507618886128
1047 0.502283994859
1048 0.49894116891
1049 0.49799900847
1050 0.499599534311
1051 0.503599599079
1052 0.509593186583
1053 0.516969054339
1054 0.524970943184
1055 0.532762309406
1056 0.539507945175
1057 0.544482617016
1058 0.547152400133
1059 0.547237083251
1060 0.544710708551
1061 0.539781769841
1062 0.532847237748
1063 0.524400513694
1064 0.514938042843
1065 0.504898829018
1066 0.494638823985
1067 0.484455237945
1068 0.474625516778
1069 0.465436586397
1070 0.4572272228
1071 0.450388287744
1072 0.445330308916
1073 0.442402114906
1074 0.441809310865
1075 0.443560575938
1076 0.44741305051
1077 0.452874882724
1078 0.459263381373
1079 0.46576681942
1080 0.471530662076
1081 0.475749135983
1082 0.477749072708
1083 0.477052509707
1084 0.473431146247
1085 0.46694297727
1086 0.457942253491
1087 0.447077406797
1088 0.435235994629
1089 0.42346545185
1090 0.412872415752
1091 0.404472645124
1092 0.399047962635
1093 0.397038549472
1094 0.398477876208
1095 0.403001618107
1096 0.409909093706
1097 0.418276248706
1098 0.427111799034
1099 0.435494662882
1100 0.442679482128
1101 0.448164983163
1102 0.451725270071
1103 0.453373981725
1104 0.453299249732
1105 0.451816769742
1106 0.449309740378
1107 0.446204077094
1108 0.442929726987
1109 0.439893563734
1110 0.437474145204
1111 0.436018479993
1112 0.435812700752
1113 0.437074104671
1114 0.43994454516
1115 0.444493658467
1116 0.450716805777
1117 0.458554917062
1118 0.467895687027
1119 0.478567241248
1120 0.4903233072
1121 0.502829473545
1122 0.515644883914
1123 0.528226982067
1124 0.539946322547
1125 0.550115193178
1126 0.558017534978
1127 0.562979887677
1128 0.564472229497
1129 0.562178647101
1130 0.556064247676
1131 0.546423546566
1132 0.533862539476
1133 0.519274711617
1134 0.503779881199
1135 0.48862808519
1136 0.475057209721
1137 0.464161976206
1138 0.456785417232
1139 0.453429598825
1140 0.454217502721
1141 0.458901743723
1142 0.466940197193
1143 0.477574997016
1144 0.489910258102
1145 0.502992769856
1146 0.515861106355
1147 0.52759902441
1148 0.537355877069
1149 0.544390024727
1150 0.548109257409
1151 0.548131065635
1152 0.544338635491
1153 0.536948979168
1154 0.526541566152
1155 0.514015892377
1156 0.500493011686
1157 0.487160254455
1158 0.475066699679
1159 0.464945916381
1160 0.457091593159
1161 0.451325658739
1162 0.447080157393
1163 0.443581873233
1164 0.440093661671
1165 0.436131926259
1166 0.431614883725
1167 0.426897111007
1168 0.422678058509
1169 0.419785735201
1170 0.41892814636
1171 0.420466036746
1172 0.424246428379
1173 0.42957735778
1174 0.435359085124
1175 0.440318934402
1176 0.443304263441
1177 0.443566907754
1178 0.440930623048
1179 0.435841094968
1180 0.429289216886
1181 0.422629097473
1182 0.41733860232
1183 0.414744288054
1184 0.415790381137
1185 0.420913129296
1186 0.429998562675
1187 0.442417296872
1188 0.457141927514
1189 0.472911016696
1190 0.488401103983
1191 0.502406096728
1192 0.513987646137
1193 0.522579810704
1194 0.528031954365
1195 0.530589657174
1196 0.530814683316
1197 0.529450514359
1198 0.527232725136
1199 0.524725644076
1200 0.522191993611
1201 0.51953513223
1202 0.516324347392
1203 0.511920374252
1204 0.505676855346
1205 0.497175900629
1206 0.486433585413
1207 0.47399413996
1208 0.460908061135
1209 0.448605625329
1210 0.438661128575
1211 0.432492886908
1212 0.431084538078
1213 0.434782692403
1214 0.443235072198
1215 0.455447540915
1216 0.469991133981
1217 0.485272049531
1218 0.499786661366
1219 0.512328010473
1220 0.522117584829
1221 0.528829310011
1222 0.532492793173
1223 0.533338572749
1224 0.531667359117
1225 0.527767749034
1226 0.521885360765
1227 0.514241902265
1228 0.505105276199
1229 0.494857537763
1230 0.484027252073
1231 0.473277646319
1232 0.463333055228
1233 0.454851210998
1234 0.448294769654
1235 0.443854214508
1236 0.44142115265
1237 0.440626814789
1238 0.440932228677
1239 0.441783377185
1240 0.442767658936
1241 0.443734656992
1242 0.444839141991
1243 0.446536571013
1244 0.449481546243
1245 0.45439912362
1246 0.461927376317
1247 0.472456602484
1248 0.486008408442
1249 0.502202913518
1250 0.520273966236
1251 0.539138270761
1252 0.557525748487
1253 0.574147044448
1254 0.587839911325
1255 0.59768503323
1256 0.603113779551
1257 0.60397108147
1258 0.60051988374
1259 0.593414804079
1260 0.5836514018
1261 0.572470420386
1262 0.561223503975
1263 0.551203730718
1264 0.543485970427
1265 0.538753132893
1266 0.537163697993
1267 0.538289213903
1268 0.541159267646
1269 0.54440607292
1270 0.54649807416
1271 0.546023703771
1272 0.541969269029
1273 0.533943615007
1274 0.522280088988
1275 0.508000383732
1276 0.492635988122
1277 0.477964831418
1278 0.4656880709
1279 0.457144585169
1280 0.453115553114
1281 0.453751511395
1282 0.458601933598
1283 0.466788037315
1284 0.477193199984
1285 0.488650765561
1286 0.500105206272
1287 0.510706933749
1288 0.519811845086
1289 0.526963737858
1290 0.531824835767
1291 0.534125664358
1292 0.533656775326
1293 0.530319019724
1294 0.524182679105
1295 0.515553605948
1296 0.505008782743
1297 0.493376881363
1298 0.481651791181
1299 0.470868602901
1300 0.461970543905
1301 0.455656745875
1302 0.452309889316
1303 0.451959900976
1304 0.454347553292
1305 0.459036896952
1306 0.465539443101
1307 0.473417518902
1308 0.482346094151
1309 0.492108390296
1310 0.502558306772
1311 0.513538622866
1312 0.524821640669
1313 0.536090431256
1314 0.546946842052
1315 0.556954792319
1316 0.565706722893
1317 0.572890850168
1318 0.578316224186
1319 0.581897317108
1320 0.583608271848
1321 0.583425192568
1322 0.581266374959
1323 0.577003857516
1324 0.570516463419
1325 0.561777905695
1326 0.550960445973
1327 0.538526536391
1328 0.525258565327
1329 0.512223109293
1330 0.500638990548
1331 0.491725123764
1332 0.486500507949
1333 0.485619074791
1334 0.489277161917
1335 0.497205609992
1336 0.508712867885
1337 0.522791652097
1338 0.538276179703
1339 0.553986069221
1340 0.568855286366
1341 0.582001058021
1342 0.592757984046
1343 0.600678512622
1344 0.605523494812
1345 0.607237849856
1346 0.605910398099
1347 0.601728298147
1348 0.594942480148
1349 0.585823714375
1350 0.574636327952
1351 0.561602601949
1352 0.546917889749
1353 0.530784648206
1354 0.513478005826
1355 0.495399200814
1356 0.477125556681
1357 0.459428993656
1358 0.443255706671
1359 0.429607534526
1360 0.419401884054
1361 0.413309567852
1362 0.41161822656
1363 0.414168477613
1364 0.420360218959
1365 0.429245780749
1366 0.439697193111
1367 0.450585406592
1368 0.460959648936
1369 0.470157645526
1370 0.477833262272
1371 0.483942376223
1372 0.48863764276
1373 0.492134389421
1374 0.494613666418
1375 0.496182304988
1376 0.496860577871
1377 0.496614378539
1378 0.495433442838
1379 0.493414485874
1380 0.490813388056
1381 0.48805573337
1382 0.485683951287
1383 0.484289197346
1384 0.484402278556
1385 0.486382655002
1386 0.490356479804
1387 0.496161990538
1388 0.503360705355
1389 0.511282988302
1390 0.519127271217
1391 0.526087016094
1392 0.531494137016
1393 0.534940501327
1394 0.536358168081
1395 0.536019374331
1396 0.534482181946
1397 0.532486293784
1398 0.530796454615
1399 0.530009696215
1400 0.530407259156
1401 0.531874071811
1402 0.533909015162
1403 0.535720056964
1404 0.536390419599
1405 0.53506927586
1406 0.531183499975
1407 0.524584348172
1408 0.515607167089
1409 0.505006883943
1410 0.493830371446
1411 0.483219515153
1412 0.474215481413
1413 0.467576182582
1414 0.463675792477
1415 0.462492515486
1416 0.463679829942
1417 0.466669959723
1418 0.470810597049
1419 0.475512214117
1420 0.480352402041
1421 0.485098797482
1422 0.489677647085
1423 0.49413065554
1424 0.498535219268
1425 0.502920017052
1426 0.507233093606
1427 0.511325014307
1428 0.514959811115
1429 0.517863154491
1430 0.519791809846
1431 0.520595236711
1432 0.520268248324
1433 0.518957138669
1434 0.516929420198
1435 0.514538329313
1436 0.512177367124
1437 0.510224061015
1438 0.508983937589
1439 0.508646478157
1440 0.509258746752
1441 0.510760901327
1442 0.513017447463
1443 0.515846956726
1444 0.519067459436
1445 0.522485958697
1446 0.525889964967
1447 0.529045904215
1448 0.531684149413
1449 0.533504351576
1450 0.534207244975
1451 0.533537935139
1452 0.531387598861
1453 0.52787336774
1454 0.523410843564
1455 0.518709246532
1456 0.514718094559
1457 0.512493114127
1458 0.513002556626
1459 0.51693248933
1460 0.524522662533
1461 0.535460371139
1462 0.548904014364
1463 0.563612596917
1464 0.578169850011
1465 0.591221036729
1466 0.60170380488
1467 0.609041665584
1468 0.61320486391
1469 0.614662209015
1470 0.614240051277
1471 0.612885712936
1472 0.611426072174
1473 0.61031988086
1474 0.609512810362
1475 0.608421900261
1476 0.606056460972
1477 0.601240490928
1478 0.592901148894
1479 0.5803490857
1480 0.563497528024
1481 0.543005552332
1482 0.520257836286
1483 0.497179389807
1484 0.475923347261
1485 0.458476496194
1486 0.446306408432
1487 0.440099802082
1488 0.439652469655
1489 0.443949155661
1490 0.45136471435
1491 0.460004738118
1492 0.468059511202
1493 0.4741005663
1494 0.477274934012
1495 0.477345690811
1496 0.474611092424
1497 0.469742844239
1498 0.463581063342
1499 0.456970312928
1500 0.45064932465
1501 0.445206191134
1502 0.441093464587
1503 0.43864383998
1504 0.438098924374
1505 0.439604542579
1506 0.443160717992
1507 0.448582101879
1508 0.455437327344
1509 0.463062088415
1510 0.47062016524
1511 0.477206886922
1512 0.481976904648
1513 0.484269578553
1514 0.48371667554
1515 0.480304504049
1516 0.474389097569
1517 0.46666385292
1518 0.458084424152
1519 0.449753013571
1520 0.442800754737
1521 0.43827577946
1522 0.437052634101
1523 0.439740693137
1524 0.446597542308
1525 0.45749126436
1526 0.471926802945
1527 0.489092403062
1528 0.507948191717
1529 0.527363068946
1530 0.54622066422
1531 0.563540815683
1532 0.57855545079
1533 0.590745755735
1534 0.59982928074
1535 0.605734336951
1536 0.608541830815
1537 0.608460153376
1538 0.605835797274
1539 0.601171673811
1540 0.595130564475
1541 0.588502906865
1542 0.582118149063
1543 0.57668985779
1544 0.572621090941
1545 0.569817817547
1546 0.567538851052
1547 0.564364690179
1548 0.558309948043
1549 0.547116595038
1550 0.528642412945
1551 0.501289828093
1552 0.464374303363
1553 0.418368947803
1554 0.364934628377
1555 0.306735480147
1556 0.247070299761
1557 0.18939639007
1558 0.136838410104
1559 0.0917749663641
1560 0.0555916404786
1561 0.0286122671744
1562 0.0102219099428
1563 -0.000883385343549
1564 -0.0063908104813
1565 -0.00805831939752
1566 -0.0074561290917
1567 -0.00581638970123
1568 -0.00397717260478
1569 -0.00239874699437
1570 -0.00125975366566
1571 -0.000557298522176
1572 -0.000193111853795
1573 -4.40443989375e-05
1574 -4.3915255924e-06
1575 2.04833828731e-35
