0 0.278548750739
1 0.270669476838
2 0.338171272831
3 0.377990036096
4 0.341621172868
5 0.367478252936
6 0.219385490446
7 0.34772249767
8 0.258273499902
9 0.318679991505
10 0.298288261502
11 0.317459232776
12 0.391334798969
13 0.342167026515
14 0.287798804579
15 0.399909421565
16 0.278364133589
17 0.203706040196
18 0.283034710899
19 -0.0446323331661
20 0.0636074159586
21 0.0580568340863
22 0.00455749566959
23 -0.043263511872
24 -0.0023808581939
25 -0.0378565855618
26 -0.0861652406166
27 0.0563760658413
28 0.0808766434634
29 0.0250250490936
30 -0.0433056161732
31 0.0384532720154
32 -0.0104623616106
33 -0.0353305796165
34 0.0932579256286
35 0.0272187212465
36 0.0254847384167
37 -0.0849264429977
38 0.0459690424392
39 0.0957784141691
40 -0.00273895707458
41 -0.093374331895
42 -0.0420081754026
43 0.0717247698927
44 0.0367800521821
45 0.0715407926574
46 -0.0749626900728
47 -0.0326590172702
48 -0.0525208832356
49 0.0127238467498
50 -0.0323162196672
51 0.0862496545346
52 -0.00714532675029
53 -0.0469068342564
54 0.0228291148774
55 -0.0130696606916
56 -0.0387947831423
57 -0.0812075795212
58 -0.0354756232493
59 0.0448093920523
60 -0.00219778025013
61 0.0620302119573
62 -0.0191145365372
63 0.064910398452
64 -0.0860364019686
65 -0.0927470305383
66 0.0272428679792
67 0.361538437409
68 0.279725765473
69 0.221597502885
70 0.377445241862
71 0.350121391014
72 0.377696128258
73 0.344875846927
74 0.316663964147
75 0.354208109373
76 0.376806109417
77 0.383294911436
78 0.248422045076
79 0.376282607281
80 0.234862617689
81 0.240165662697
82 0.279118568551
83 0.209097479886
84 0.367766868254
85 0.251283619609
86 0.211142116725
87 0.278176013112
88 0.284983338728
89 0.300467638888
90 0.277071170909
91 0.355199649703
92 0.226925903999
93 0.394552364171
94 0.251612730197
95 0.309645819527
96 0.244848273417
97 0.394812914674
98 0.396909249296
99 0.329988074019
100 0.369454714305
101 0.381835922406
102 0.20894588032
103 0.327980564836
104 0.399509990594
105 0.303634129501
106 0.285329080662
107 0.30336764309
108 0.38911792566
109 0.31079369102
110 0.329313285872
111 0.34156986354
112 0.250010254139
113 0.367429308398
114 0.213194729171
115 0.250877999091
116 0.241849623674
117 0.208375868395
118 0.381804375952
119 0.201696945754
120 0.202880256996
121 0.33612851916
122 0.230631199318
123 0.357497973036
124 0.309122124312
125 0.280806360894
126 0.362492820376
127 0.267443918222
128 0.384594790659
129 0.342742460883
130 0.393273935967
131 0.338804219027
132 0.304834872932
133 0.326702680058
134 0.350860884875
135 0.315892038717
136 0.318856612038
137 0.211463845913
138 0.228724065187
139 0.331342266704
140 0.239232165744
141 0.372610315253
142 0.207692219702
143 0.383930216137
144 0.265694086141
145 0.343209716836
146 0.301991268018
147 0.355573587209
148 0.285659384442
149 0.362967599843
150 0.398027127501
151 0.386430233816
152 0.34918114026
153 0.241371684844
154 0.34656388278
155 0.250871725834
156 0.262100226716
157 0.284319217603
158 0.391536324243
159 0.203469758265
160 0.372731452093
161 0.236584833086
162 0.288826653526
163 0.199264316097
164 0.267133548033
165 0.359266935662
166 0.60350002794
167 0.731430122795
168 0.61069506351
169 0.631856383596
170 0.456168523158
171 0.495770901234
172 0.255456551531
173 0.64972413994
174 0.517640438956
175 0.480369245329
176 0.307734462463
177 0.75619221521
178 0.359502863505
179 0.563315188495
180 0.6906782649
181 0.505967573217
182 0.455893134596
183 0.37187004873
184 0.561656489505
185 0.601496761291
186 0.173657816522
187 0.314082800402
188 0.685602018317
189 0.349412073421
190 0.519678211381
191 0.545167713853
192 0.617942747403
193 0.327578303948
194 0.712808599847
195 0.801443875202
196 0.445653217947
197 0.504316386093
198 0.402106231006
199 0.47100229866
200 0.199157338409
201 0.263729220199
202 0.556789451039
203 0.19987752854
204 0.345519570045
205 0.221598827575
206 0.340841988088
207 0.836045958268
208 0.323914827992
209 0.361820523164
210 0.396150704615
211 0.537340710878
212 0.324178667578
213 0.763567812821
214 0.644624908778
215 0.630119933205
216 0.540041427949
217 0.650975720989
218 0.200328391273
219 0.488045370666
220 0.743024011606
221 0.367939776817
222 0.547502927685
223 0.676168325039
224 0.447289288616
225 0.466118097094
226 0.305233208393
227 0.293121735732
228 0.680055650382
229 0.492244155202
230 0.644492529317
231 0.534385128079
232 0.676942893744
233 0.269179736986
234 0.413763429961
235 0.528293896729
236 0.328936935061
237 0.535613379641
238 0.2644080769
239 0.516612807622
240 0.407193424499
241 0.67840887879
242 0.247693993315
243 0.419684676983
244 0.317264970231
245 0.325134378032
246 0.364372755571
247 0.616468872624
248 0.216660550374
249 0.534530919304
250 0.334876670459
251 0.349169112921
252 0.448781334188
253 0.713737261787
254 0.771756608131
255 0.374471643994
256 0.411961224047
257 0.257594980601
258 0.467965645169
259 0.567168222471
260 0.438152715951
261 0.338385072568
262 0.490030762634
263 0.720112229026
264 0.682464567228
265 0.338909207502
266 0.276004653275
267 0.388772975815
268 0.762149733476
269 0.414070003642
270 0.392753587107
271 0.61106523849
272 0.401744422411
273 0.394227313936
274 0.294868701013
275 0.329719286663
276 0.340912226275
277 0.584517446369
278 0.651927796988
279 0.625950767962
280 0.277666621844
281 0.340229924491
282 0.504114793027
283 0.359491801955
284 0.270146498694
285 0.659777259881
286 0.207636747003
287 0.480645775153
288 0.392403624858
289 0.552663156308
290 0.704252191638
291 0.554945010667
292 0.421278233793
293 0.47046177742
294 0.447612014449
295 0.546523162338
296 0.565954861027
297 0.353664166425
298 0.404047946134
299 0.575616231189
300 0.548045683583
301 0.542183786447
302 0.521531906177
303 0.494331124251
304 0.216065500336
305 0.658034905475
306 0.290297792357
307 0.465779079442
308 0.325226150441
309 0.578798169792
310 0.708458486873
311 0.252151579469
312 0.790239192454
313 0.577099218112
314 0.744091242504
315 0.628936945441
316 0.284630420626
317 0.479209482443
318 0.210472429547
319 0.425204172517
320 0.576380630181
321 0.638939323336
322 0.431972057755
323 0.469390762052
324 0.500787957946
325 0.493590992096
326 0.551902958489
327 0.43953446884
328 0.526855524025
329 0.475128288044
330 0.511311996079
331 0.354115602254
332 0.402791974469
333 0.762698181587
334 0.211323238762
335 0.510226697532
336 0.39108763881
337 0.618530571868
338 0.571361975712
339 0.638154875921
340 0.60784506863
341 0.526915582449
342 0.412166830825
343 0.30121511442
344 0.568805661705
345 0.528450521025
346 0.531743364834
347 0.576827958217
348 0.513816549366
349 0.340486844014
350 0.568987245579
351 0.643388502076
352 0.383777626913
353 0.635098554183
354 0.4759557362
355 0.516298900417
356 0.491876596826
357 0.415901123812
358 0.434569714937
359 0.284894176921
360 0.507746645598
361 0.444759690244
362 0.56729476382
363 0.45316352573
364 0.380402187153
365 0.583205742977
366 0.506056571603
367 0.409425917499
368 0.597068337909
369 0.716598631423
370 0.684318283164
371 0.643529723777
372 0.346435168497
373 0.746656540689
374 0.58862689466
375 0.492930572013
376 0.329889395003
377 0.355977376402
378 0.619860133993
379 0.339160045328
380 0.240862455661
381 0.642712100909
382 0.461593823628
383 0.313873932813
384 0.359707362343
385 0.614303071607
386 0.348011465484
387 0.431763174604
388 0.387484584663
389 0.575181176387
390 0.369218039664
391 0.414195035349
392 0.426687180776
393 0.610069609035
394 0.717663417831
395 0.653960266632
396 0.636684681763
397 0.427263637286
398 0.604530245679
399 0.649065285838
400 0.684497736027
401 0.442181905944
402 0.387785952775
403 0.631658886688
404 0.719757980068
405 0.425251244957
406 0.521911014234
407 0.763076618665
408 0.533592613584
409 0.284098452807
410 0.445946298603
411 0.564876760238
412 0.499429942636
413 0.654623062293
414 0.537786750523
415 0.653392159238
416 0.276591055414
417 0.632995090741
418 0.60468315987
419 0.554361333667
420 0.487865980216
421 0.584762312717
422 0.692924094472
423 0.535694847553
424 0.340670585835
425 0.469511019424
426 0.25121798785
427 0.763010400839
428 0.725453392524
429 0.263763581142
430 0.630420308114
431 0.370535311703
432 0.611264758216
433 0.410499689541
434 0.561693020474
435 0.243857150618
436 0.646156849086
437 0.637970323134
438 0.703266929422
439 0.583694049449
440 0.582558554493
441 0.26699148239
442 0.602850122384
443 0.271991378691
444 0.247839055617
445 0.279590224305
446 0.698921402015
447 0.289053241874
448 0.27057001091
449 0.722284345064
450 0.748770890459
451 0.432282246317
452 0.279309205768
453 0.458669240241
454 0.588105432322
455 0.594823867223
456 0.664970097184
457 0.547088567372
458 0.343376452125
459 0.262800611044
460 0.80860579279
461 0.699961687632
462 0.650392541587
463 0.41612358759
464 0.581449713556
465 0.619761756253
466 0.816381476219
467 0.409490286003
468 0.312970689422
469 0.460655004665
470 0.676451937949
471 0.766038369403
472 0.37663745087
473 0.544560365437
474 0.734051311632
475 0.515269611426
476 0.259758606206
477 0.539590573139
478 0.442202398706
479 0.240918787285
480 0.328553990788
481 0.728161491494
482 0.342164252676
483 0.55395529744
484 0.303496178702
485 0.700494173972
486 0.421479421676
487 0.455909174433
488 0.617737735038
489 0.624613552658
490 0.441865477714
491 0.631251881897
492 0.369622930549
493 0.365233982137
494 0.657294133882
495 0.422906167056
496 0.408967583713
497 0.588589460896
498 0.344489221367
499 0.490427139127
500 0.529341474806
501 0.26012730714
502 0.516211309454
503 0.438499583996
504 0.687265715064
505 0.6763366702
506 0.523303541399
507 0.496324901945
508 0.670477056124
509 0.34325133928
510 0.494287529499
511 0.754521334155
512 0.28065109796
513 0.623639982361
514 0.759541512121
515 0.511953318431
516 0.483453633222
517 0.645360379484
518 0.371138193747
519 0.221766152604
520 0.620854191403
521 0.614636576197
522 0.342983531707
523 0.466084797803
524 0.167577605489
525 0.332699752699
526 0.57813242989
527 0.694184763977
528 0.633837881542
529 0.68375047552
530 0.691598978607
531 0.560128817661
532 0.604582483515
533 0.449120356231
534 0.360686818811
535 0.638552848597
536 0.54090997797
537 0.65766938346
538 0.470888014776
539 0.770089854876
540 0.622867054053
541 0.666672789211
542 0.380704028288
543 0.463957541582
544 0.485856657394
545 0.168708964097
546 0.306710426509
547 0.421610083365
548 0.521311829166
549 0.500739008569
550 0.584255959013
551 0.461695723139
552 0.60578269345
553 0.198653329376
554 0.532829083889
555 0.37300809746
556 0.502911966178
557 0.532888380159
558 0.555520019483
559 0.387014667218
560 0.652632032079
561 0.516729130167
562 0.558505517396
563 0.444951323504
564 0.828812647121
565 0.289177307713
566 0.563790189081
567 0.345830711089
568 0.608847194151
569 0.675738041832
570 0.166041602707
571 0.258748653463
572 0.497917443372
573 0.611214064937
574 0.52277661132
575 0.739363881524
576 0.446654238852
577 0.41936626245
578 0.56207074338
579 0.632844780294
580 0.521570138226
581 0.525685041807
582 0.632899604462
583 0.568936199308
584 0.432527279063
585 0.351487617695
586 0.673217796467
587 0.249250826192
588 0.332335465714
589 0.418920098523
590 0.451671253626
591 0.479866185473
592 0.404356056888
593 0.34352564597
594 0.571042558333
595 0.342012585985
596 0.484128720977
597 0.652125441295
598 0.344070756655
599 0.735143935487
600 0.581330937477
601 0.275683190043
602 0.462243087957
603 0.288875239779
604 0.397477096072
605 0.320622676911
606 0.672258517675
607 0.652085672382
608 0.444429056578
609 0.320116857602
610 0.31597113938
611 0.535055514115
612 0.448686596587
613 0.588935997928
614 0.487425964407
615 0.445199101473
616 0.393726562201
617 0.460528678963
618 0.356901377598
619 0.260501501967
620 0.287665768014
621 0.68621271166
622 0.353838348139
623 0.548578716699
624 0.575716744265
625 0.194280310538
626 0.671003543914
627 0.785597115848
628 0.303751199075
629 0.752252159737
630 0.51381712268
631 0.771396868122
632 0.564489211653
633 0.569966759209
634 0.343392923918
635 0.449659892656
636 0.766121670061
637 0.572495178854
638 0.756152122446
639 0.353023798822
640 0.243508934704
641 0.364084861534
642 0.563684925292
643 0.41118367172
644 0.677285388622
645 0.612777792385
646 0.327672730166
647 0.273287963724
648 0.477789252637
649 0.314409479115
650 0.21518411147
651 0.281448211548
652 0.547364286834
653 0.600750173976
654 0.404886206523
655 0.745640681793
656 0.543202629321
657 0.501568099301
658 0.624222092164
659 0.631077760265
660 0.309180937526
661 0.570691384281
662 0.612492786813
663 0.720986915598
664 0.533596262367
665 0.576436135711
666 0.75241932864
667 0.385955141479
668 0.674270748669
669 0.501897217305
670 0.739884975423
671 0.287119051524
672 0.649121033389
673 0.47451609124
674 0.445680417528
675 0.344944752048
676 0.532182898559
677 0.464245863755
678 0.737607923454
679 0.317052668805
680 0.503002174683
681 0.273329937881
682 0.571079611782
683 0.19171552824
684 0.25514120466
685 0.327110276288
686 0.619840150786
687 0.378403857484
688 0.555076341628
689 0.562768624368
690 0.422159729859
691 0.65045062666
692 0.487705924201
693 0.660878189168
694 0.726378994577
695 0.368170290423
696 0.420692272843
697 0.212699334317
698 0.649653170651
699 0.685902572438
700 0.580488840964
701 0.794448582012
702 0.75097933143
703 0.315930135255
704 0.422859932786
705 0.490756047124
706 0.349470619955
707 0.537351024973
708 0.427833930457
709 0.444776662367
710 0.548110940913
711 0.351362799899
712 0.270542355137
713 0.635627739085
714 0.282126486464
715 0.771450601593
716 0.321055919572
717 0.313807302546
718 0.268720411332
719 0.719374901956
720 0.522195319219
721 0.605052027932
722 0.454753971441
723 0.610879045013
724 0.288011774517
725 0.393981294895
726 0.749005358979
727 0.376368743285
728 0.303807518331
729 0.804708357558
730 0.361293444929
731 0.547147311786
732 0.745071839028
733 0.469108710399
734 0.602636595395
735 0.513787889939
736 0.620857350081
737 0.474622024111
738 0.670008309451
739 0.780375490795
740 0.359057207546
741 0.391738336079
742 0.677403209956
743 0.62439519952
744 0.230376896766
745 0.644310548911
746 0.408070675193
747 0.534363756455
748 0.689509273884
749 0.237143778993
750 0.428085929278
751 0.496023108332
752 0.613903466937
753 0.433675693422
754 0.311400611265
755 0.484720155651
756 0.260925257042
757 0.549871435572
758 0.358703405447
759 0.254078464672
760 0.400441430357
761 0.602872257462
762 0.621488664416
763 0.440526754864
764 0.560438641463
765 0.538623419605
766 0.298506297273
767 0.507029687704
768 0.223308852945
769 0.294097704981
770 0.266525804065
771 0.278906794788
772 0.321869080719
773 0.260339443015
774 0.388759294427
775 0.25063255336
776 0.319547529421
777 0.259019838405
778 0.349209231669
779 0.342847140289
780 0.209082880115
781 0.372428527275
782 0.213664314047
783 0.265812984262
784 0.325828390193
785 0.310937924184
786 0.319214564906
787 -0.0568177437078
788 -0.0625537804501
789 0.0737013646686
790 -0.0461645204603
791 0.0585363813392
792 0.0629534797765
793 -0.0443088740636
794 0.0344698331599
795 -0.0331950688728
796 -0.0685799520322
797 -0.0127387336368
798 0.0923824178196
799 -0.0509917421342
800 -0.084008208072
801 -0.0380446656011
802 0.0326722457438
803 0.0871950891553
804 0.0515683937203
805 -0.0871328789876
806 -0.0853341239153
807 0.0680680463951
808 0.0592919558188
809 0.0717863324609
810 -0.00516459707672
811 0.0724690334096
812 -0.0812364166929
813 -0.0991624251246
814 0.0423150342901
815 -0.0599926944095
816 0.0254902141125
817 -0.0673487762408
818 0.0700324190564
819 -0.0426711181757
820 -0.0623005534598
821 0.031652668623
822 0.0164794111512
823 0.0644100662269
824 -0.0142869419225
825 -0.00688865079271
826 -0.0663965022202
827 -0.0287952247902
828 -0.0502883944738
829 -0.081049795748
830 0.0906382704898
831 0.0690216827389
832 0.0220106091218
833 0.0254859177656
834 -0.0814190074351
835 0.297174086771
836 0.22365105431
837 0.248454040123
838 0.251942420361
839 0.342375829432
840 0.363193306132
841 0.334418121651
842 0.221736173235
843 0.341127263413
844 0.317970508402
845 0.292106937071
846 0.270034620116
847 0.292412417241
848 0.365485979735
849 0.289733705578
850 0.359606751042
851 0.331982135781
852 0.235713524176
853 0.295120807623
854 0.260387146683
855 0.336875181495
856 0.265036583558
857 0.354911818538
858 0.290789737548
859 0.328194230641
860 0.235327788916
861 0.308505054705
862 0.334274767469
863 0.313760732102
864 0.23822496661
865 0.367873619294
866 0.338865572179
867 0.387641900901
868 0.307937045653
869 0.342921118561
870 0.217071358386
871 0.331024902384
872 0.266472992341
873 0.291696025603
874 0.30070626503
875 0.283169425465
876 0.287455663905
877 0.261270830053
878 0.305487530174
879 0.212585492342
880 0.21444243564
881 0.290361494335
882 0.29526002784
883 0.296016215597
884 0.241087778573
885 0.213075052765
886 0.386045069506
887 0.246828844175
888 0.344907499756
889 0.242154984102
890 0.386222237631
891 0.362359188088
892 0.349658521572
893 0.258603483231
894 0.28667779732
895 0.220934457806
896 0.364162407244
897 0.328745577861
898 0.218222341792
899 0.327364338801
900 0.35814497215
901 0.27456469006
902 0.38946294404
903 0.36444429807
904 0.302047326556
905 0.290796234647
906 0.385564791139
907 0.304676424578
908 0.252312924075
909 0.246186760782
910 0.252534074029
911 0.372721102333
912 0.245370674666
913 0.203063466283
914 0.374620996013
915 0.333094314856
916 0.289594503845
917 0.299490131286
918 0.271625072379
919 0.303631862388
920 0.356036779291
921 0.201418683015
922 0.373372909546
923 0.289790820761
924 0.397372531761
925 0.24885326195
926 0.201645724262
927 0.29417715918
928 0.261303198871
929 0.389625782748
930 0.368247454143
931 0.337994852669
932 0.384601076252
933 0.311527880894
934 0.653622167453
935 0.7645905252
936 0.610767836757
937 0.735243952084
938 0.53899891397
939 0.540210287047
940 0.189949474916
941 0.643376008366
942 0.553812033413
943 0.448696952426
944 0.343022266889
945 0.716204197328
946 0.4301539364
947 0.562821067467
948 0.751548632691
949 0.35113863039
950 0.368293407816
951 0.404905196945
952 0.582823522838
953 0.597376953228
954 0.232693630057
955 0.291344087852
956 0.655019088877
957 0.3365166808
958 0.566244579277
959 0.601620213687
960 0.535555537244
961 0.379093794056
962 0.637559354817
963 0.659184441252
964 0.463228714842
965 0.548939082535
966 0.441471750866
967 0.467902973091
968 0.29510307164
969 0.423966449226
970 0.482232588067
971 0.265167122775
972 0.298326044514
973 0.206518346045
974 0.480468031902
975 0.66363340852
976 0.425251719609
977 0.250707599403
978 0.437842757397
979 0.549411741329
980 0.390944741107
981 0.602084161988
982 0.593794830267
983 0.516767429868
984 0.507823939988
985 0.619192751388
986 0.336739537209
987 0.444039363148
988 0.619145910928
989 0.497959638489
990 0.500865296686
991 0.654333318452
992 0.428034235535
993 0.456961197066
994 0.3420570617
995 0.237988862837
996 0.640301049364
997 0.534396437101
998 0.546801389428
999 0.438694405566
1000 0.661967317841
1001 0.311374352183
1002 0.43350175233
1003 0.589622551364
1004 0.487526323124
1005 0.445721233328
1006 0.43130415801
1007 0.553095685994
1008 0.398997721434
1009 0.675055135679
1010 0.367426116434
1011 0.531227668319
1012 0.400507050178
1013 0.250970853163
1014 0.424137486635
1015 0.477405260861
1016 0.33074925255
1017 0.555466534342
1018 0.38720249151
1019 0.33681926727
1020 0.534839716931
1021 0.713039974499
1022 0.631097267623
1023 0.393466562154
1024 0.404071712884
1025 0.432809291714
1026 0.340069491732
1027 0.527642519555
1028 0.501197912213
1029 0.405571780908
1030 0.398658297496
1031 0.693474393282
1032 0.742868839821
1033 0.189233369906
1034 0.34112937496
1035 0.307167770983
1036 0.76433334409
1037 0.356515963239
1038 0.390610141957
1039 0.71183959967
1040 0.402712234896
1041 0.429617281857
1042 0.392165960476
1043 0.364446996071
1044 0.265217923925
1045 0.546827403282
1046 0.658563924453
1047 0.675913276921
1048 0.39216852592
1049 0.249546931286
1050 0.493593252886
1051 0.300197238305
1052 0.420244860489
1053 0.67637922456
1054 0.319472628114
1055 0.416284120348
1056 0.291070052805
1057 0.604378664823
1058 0.659273400289
1059 0.591191256694
1060 0.430239189094
1061 0.380498028686
1062 0.362913418512
1063 0.488645675518
1064 0.558192981852
1065 0.350996468872
1066 0.419728992787
1067 0.615759928712
1068 0.581539870024
1069 0.528427766361
1070 0.505135554047
1071 0.443744385792
1072 0.218692799495
1073 0.461235197913
1074 0.363089216845
1075 0.522254359409
1076 0.357777323377
1077 0.706568279086
1078 0.647464228143
1079 0.352041471074
1080 0.646900630426
1081 0.60617425188
1082 0.806408209854
1083 0.742522798541
1084 0.254813642049
1085 0.389085205299
1086 0.181309133243
1087 0.461059986646
1088 0.499716547424
1089 0.613224870391
1090 0.4881758317
1091 0.345714589485
1092 0.50469924009
1093 0.463827902613
1094 0.600002443545
1095 0.519110471734
1096 0.575623435245
1097 0.497082093653
1098 0.529397825439
1099 0.358761986483
1100 0.291747971195
1101 0.7075905987
1102 0.25006002632
1103 0.513361987941
1104 0.377453277811
1105 0.657411992034
1106 0.688978862658
1107 0.738475823799
1108 0.482130855419
1109 0.518450338658
1110 0.307893289235
1111 0.376077290833
1112 0.529332209178
1113 0.52071759367
1114 0.569320813069
1115 0.726021017313
1116 0.393575521937
1117 0.270486317913
1118 0.407001501007
1119 0.669918645391
1120 0.257714871452
1121 0.667505447584
1122 0.552768096622
1123 0.510410710544
1124 0.626616288349
1125 0.337378378653
1126 0.41539934194
1127 0.307449312558
1128 0.652869718127
1129 0.47071869278
1130 0.60397690223
1131 0.517402882484
1132 0.217300115209
1133 0.731631388345
1134 0.361861465196
1135 0.315829792663
1136 0.621487567042
1137 0.74378417532
1138 0.574244796239
1139 0.725004064171
1140 0.30305522173
1141 0.748866959334
1142 0.593590886585
1143 0.46618679284
1144 0.28788855185
1145 0.427547859663
1146 0.711920469585
1147 0.436138883533
1148 0.280375695217
1149 0.499875903544
1150 0.541216744301
1151 0.478208646428
1152 0.312231847622
1153 0.648433768173
1154 0.305091387781
1155 0.363955867981
1156 0.489104901702
1157 0.489498159214
1158 0.349437586904
1159 0.397119583145
1160 0.436812622258
1161 0.703379462027
1162 0.808008628049
1163 0.760844895035
1164 0.749638015333
1165 0.471638324357
1166 0.640015655642
1167 0.543000363472
1168 0.557590100903
1169 0.530370788018
1170 0.457657707592
1171 0.667465836537
1172 0.680003496898
1173 0.456019861048
1174 0.429038050488
1175 0.655580548433
1176 0.694056102283
1177 0.180265086096
1178 0.49987037974
1179 0.491839636484
1180 0.416618030435
1181 0.715580650294
1182 0.633478612958
1183 0.758075737422
1184 0.270119509452
1185 0.496869424271
1186 0.617863044347
1187 0.579930810641
1188 0.397561538261
1189 0.482651681054
1190 0.628530429814
1191 0.47579433405
1192 0.342026453534
1193 0.402176059578
1194 0.377862507618
1195 0.685468027469
1196 0.716750135658
1197 0.339658708206
1198 0.706310597981
1199 0.210766060943
1200 0.661749237326
1201 0.3487981837
1202 0.388838456141
1203 0.374922702833
1204 0.589575945909
1205 0.550573350838
1206 0.687625046749
1207 0.551103274915
1208 0.615364120628
1209 0.187251450585
1210 0.523211032563
1211 0.224799267628
1212 0.342094548788
1213 0.38226193433
1214 0.662939168561
1215 0.293715617848
1216 0.215553356427
1217 0.833011699227
1218 0.702223825323
1219 0.357420005589
1220 0.350871617898
1221 0.39551528763
1222 0.661301890274
1223 0.661619664325
1224 0.692076024032
1225 0.484440735986
1226 0.259551728013
1227 0.351962956026
1228 0.657550679163
1229 0.799633129152
1230 0.68364066202
1231 0.406014871027
1232 0.448681555155
1233 0.559255974343
1234 0.803386226983
1235 0.485762759588
1236 0.458617606309
1237 0.364124851403
1238 0.563500210289
1239 0.74132302193
1240 0.45993787156
1241 0.419893166644
1242 0.664029662686
1243 0.544634511062
1244 0.314422567373
1245 0.447354472772
1246 0.432041714759
1247 0.215126822196
1248 0.453470068553
1249 0.723967460403
1250 0.210515441962
1251 0.679252906344
1252 0.461214578349
1253 0.703538990675
1254 0.386846746648
1255 0.44014534165
1256 0.671939876312
1257 0.624842891207
1258 0.491035606728
1259 0.472711479984
1260 0.197899631008
1261 0.255370065827
1262 0.595320172234
1263 0.396226403845
1264 0.311170137334
1265 0.479913157811
1266 0.390632296055
1267 0.548488124902
1268 0.421151638871
1269 0.293586474312
1270 0.447318833745
1271 0.342925988023
1272 0.763762550565
1273 0.67656339663
1274 0.44898798261
1275 0.544793840082
1276 0.610941382655
1277 0.410844466607
1278 0.505714863105
1279 0.784560304298
1280 0.428611710437
1281 0.667333638331
1282 0.648478951161
1283 0.462664795919
1284 0.302518122567
1285 0.659741210013
1286 0.515117665241
1287 0.232829323524
1288 0.811424523162
1289 0.688559521557
1290 0.414391647678
1291 0.431832222997
1292 0.198578385116
1293 0.423050329596
1294 0.626868006711
1295 0.601000903574
1296 0.551271150498
1297 0.679797084271
1298 0.587581385864
1299 0.645769742302
1300 0.520309641809
1301 0.502896632856
1302 0.437239247862
1303 0.767004363409
1304 0.576361286565
1305 0.684985818716
1306 0.621792359585
1307 0.681701545971
1308 0.642337193905
1309 0.578047017397
1310 0.303287067823
1311 0.362595901839
1312 0.503419350021
1313 0.261250138564
1314 0.342809330236
1315 0.285696754192
1316 0.465884974615
1317 0.466507656889
1318 0.660587104239
1319 0.527093037865
1320 0.575546884048
1321 0.23188222263
1322 0.488960239863
1323 0.377333842029
1324 0.563155186588
1325 0.543278355127
1326 0.497264265188
1327 0.399019003372
1328 0.626438838586
1329 0.617554108878
1330 0.683542704279
1331 0.300671586769
1332 0.794223473325
1333 0.355986406117
1334 0.501646502004
1335 0.257355649364
1336 0.481191968833
1337 0.613603976115
1338 0.349031862498
1339 0.340524125959
1340 0.573131620561
1341 0.602460622624
1342 0.446691931358
1343 0.619169416751
1344 0.354203724736
1345 0.445631590855
1346 0.55970634896
1347 0.542870258316
1348 0.577295545909
1349 0.471853788359
1350 0.709712925597
1351 0.629437494888
1352 0.410207509943
1353 0.370872116709
1354 0.649718281435
1355 0.242990701702
1356 0.37379526572
1357 0.459910442379
1358 0.323081812205
1359 0.564744585835
1360 0.289305105233
1361 0.477241195453
1362 0.580917339946
1363 0.401957028608
1364 0.513238964657
1365 0.604130444579
1366 0.275267068311
1367 0.708148139821
1368 0.454474145571
1369 0.334375143546
1370 0.610962615841
1371 0.402504967976
1372 0.461574723566
1373 0.417178666694
1374 0.58966791293
1375 0.671332123467
1376 0.456109687977
1377 0.337075045675
1378 0.328130620179
1379 0.446015380387
1380 0.49330132672
1381 0.555236317452
1382 0.495001353564
1383 0.485741051171
1384 0.507475197963
1385 0.398217096016
1386 0.436993398715
1387 0.300860741024
1388 0.239480800223
1389 0.631094386961
1390 0.381176791753
1391 0.459236221683
1392 0.540934251119
1393 0.195291244554
1394 0.649966565949
1395 0.683926942813
1396 0.375334739639
1397 0.760882067287
1398 0.531420901935
1399 0.764950866518
1400 0.510940288417
1401 0.568686445636
1402 0.488414603578
1403 0.611582581432
1404 0.65738401333
1405 0.540710712069
1406 0.581987861395
1407 0.33219843155
1408 0.342389577076
1409 0.377841774271
1410 0.726285647946
1411 0.2699417818
1412 0.688157508209
1413 0.716518585389
1414 0.32554697911
1415 0.360250726422
1416 0.424373089337
1417 0.329981046502
1418 0.331504966185
1419 0.200914527161
1420 0.618834271455
1421 0.460241388673
1422 0.220758299637
1423 0.83233290384
1424 0.692468074285
1425 0.67535099092
1426 0.569720752963
1427 0.494088570609
1428 0.357407413413
1429 0.449234889755
1430 0.791204425286
1431 0.772963381423
1432 0.436693660704
1433 0.420103634836
1434 0.676689053757
1435 0.417056472549
1436 0.566365115749
1437 0.402075953976
1438 0.668950465572
1439 0.361367972026
1440 0.633965235524
1441 0.432776581192
1442 0.446002134547
1443 0.231706914095
1444 0.65046723701
1445 0.36769294529
1446 0.759019472338
1447 0.386116033661
1448 0.485882959572
1449 0.304170170626
1450 0.455855292593
1451 0.296747341892
1452 0.361752820827
1453 0.309888071544
1454 0.561807055291
1455 0.507868491809
1456 0.490093780062
1457 0.500617744569
1458 0.290490417119
1459 0.610584262503
1460 0.574905822716
1461 0.789744973309
1462 0.792193035545
1463 0.34768626776
1464 0.348891737351
1465 0.358226864225
1466 0.527461758724
1467 0.674551561915
1468 0.555661861877
1469 0.743155387972
1470 0.713296819218
1471 0.35000384298
1472 0.44154478776
1473 0.414488697659
1474 0.320220587707
1475 0.492829560996
1476 0.526116460487
1477 0.341531230196
1478 0.472432464807
1479 0.257245261038
1480 0.302198515756
1481 0.787710083291
1482 0.406264793419
1483 0.768956191442
1484 0.436969929492
1485 0.408073264206
1486 0.390505070335
1487 0.735278640813
1488 0.447641728926
1489 0.572610515153
1490 0.406707794249
1491 0.556295720445
1492 0.251300162507
1493 0.335336897608
1494 0.688041708181
1495 0.4073769994
1496 0.280857560207
1497 0.709306934836
1498 0.301974088221
1499 0.635244014188
1500 0.706292250594
1501 0.387253404857
1502 0.490754901926
1503 0.599160753771
1504 0.581495595739
1505 0.343343141815
1506 0.692671892582
1507 0.735691729264
1508 0.36094067087
1509 0.285700429401
1510 0.734967046803
1511 0.594647691236
1512 0.309690605769
1513 0.527972328802
1514 0.368716946434
1515 0.649393940748
1516 0.628965264793
1517 0.304723850211
1518 0.439405210809
1519 0.399845761925
1520 0.506310122742
1521 0.488147027816
1522 0.203433553024
1523 0.404156319403
1524 0.383924995341
1525 0.589716772229
1526 0.214606252751
1527 0.230648652179
1528 0.296949229027
1529 0.621801512594
1530 0.707719146121
1531 0.602173250845
1532 0.457361713982
1533 0.421842402908
1534 0.449331500215
1535 0.557119425401
